[gd_scene load_steps=13 format=3 uid="uid://bbc16i4oqesmb"]

[ext_resource type="PackedScene" uid="uid://d4bqdrl61p7n1" path="res://assets/dungeon/characters/heroes/Knight.glb" id="1_eng0n"]
[ext_resource type="Script" path="res://scripts/knight.gd" id="2_xwyjr"]

[sub_resource type="CapsuleShape3D" id="CapsuleShape3D_kesft"]
height = 2.49257

[sub_resource type="AnimationNodeAnimation" id="AnimationNodeAnimation_ohk1k"]
animation = &"Blocking"

[sub_resource type="AnimationNodeAnimation" id="AnimationNodeAnimation_4l6ub"]
animation = &"2H_Melee_Idle"

[sub_resource type="AnimationNodeAnimation" id="AnimationNodeAnimation_7py51"]
animation = &"Jump_Full_Short"

[sub_resource type="AnimationNodeOneShot" id="AnimationNodeOneShot_3ounb"]
filter_enabled = true
filters = ["", "Rig/Skeleton3D:IK-foot.l", "Rig/Skeleton3D:IK-foot.r", "Rig/Skeleton3D:chest", "Rig/Skeleton3D:control-foot-roll.l", "Rig/Skeleton3D:control-foot-roll.r", "Rig/Skeleton3D:control-heel-roll.l", "Rig/Skeleton3D:control-heel-roll.r", "Rig/Skeleton3D:control-toe-roll.l", "Rig/Skeleton3D:control-toe-roll.r", "Rig/Skeleton3D:elbowIK.l", "Rig/Skeleton3D:elbowIK.r", "Rig/Skeleton3D:foot.l", "Rig/Skeleton3D:foot.r", "Rig/Skeleton3D:handIK.l", "Rig/Skeleton3D:handIK.r", "Rig/Skeleton3D:head", "Rig/Skeleton3D:heelIK.l", "Rig/Skeleton3D:heelIK.r", "Rig/Skeleton3D:hips", "Rig/Skeleton3D:kneeIK.l", "Rig/Skeleton3D:kneeIK.r", "Rig/Skeleton3D:lowerleg.l", "Rig/Skeleton3D:lowerleg.r", "Rig/Skeleton3D:root", "Rig/Skeleton3D:spine", "Rig/Skeleton3D:toes.l", "Rig/Skeleton3D:toes.r", "Rig/Skeleton3D:upperleg.l", "Rig/Skeleton3D:upperleg.r"]
mix_mode = 1
fadein_time = 0.2

[sub_resource type="AnimationNodeTransition" id="AnimationNodeTransition_fqns2"]
xfade_time = 0.25
input_0/name = "Idle"
input_0/auto_advance = false
input_0/break_loop_at_end = false
input_0/reset = true
input_1/name = "Walk"
input_1/auto_advance = false
input_1/break_loop_at_end = false
input_1/reset = true
input_2/name = "Run"
input_2/auto_advance = false
input_2/break_loop_at_end = false
input_2/reset = true
input_3/name = "Blocking"
input_3/auto_advance = false
input_3/break_loop_at_end = false
input_3/reset = true

[sub_resource type="AnimationNodeAnimation" id="AnimationNodeAnimation_xx75c"]
animation = &"Running_A"

[sub_resource type="AnimationNodeAnimation" id="AnimationNodeAnimation_ucs2e"]
animation = &"Walking_B"

[sub_resource type="AnimationNodeBlendTree" id="AnimationNodeBlendTree_qbti1"]
graph_offset = Vector2(-115.815, 187.955)
"nodes/Blocking Animation/node" = SubResource("AnimationNodeAnimation_ohk1k")
"nodes/Blocking Animation/position" = Vector2(440, 540)
"nodes/Idle Animation/node" = SubResource("AnimationNodeAnimation_4l6ub")
"nodes/Idle Animation/position" = Vector2(260, 80)
nodes/Jump/node = SubResource("AnimationNodeOneShot_3ounb")
nodes/Jump/position = Vector2(900, 220)
"nodes/Jump Animation/node" = SubResource("AnimationNodeAnimation_7py51")
"nodes/Jump Animation/position" = Vector2(660, 540)
nodes/Movement/node = SubResource("AnimationNodeTransition_fqns2")
nodes/Movement/position = Vector2(640, 220)
"nodes/Run Animation/node" = SubResource("AnimationNodeAnimation_xx75c")
"nodes/Run Animation/position" = Vector2(260, 460)
"nodes/Walk Animation/node" = SubResource("AnimationNodeAnimation_ucs2e")
"nodes/Walk Animation/position" = Vector2(260, 280)
nodes/output/position = Vector2(1140, 220)
node_connections = [&"Jump", 0, &"Movement", &"Jump", 1, &"Jump Animation", &"Movement", 0, &"Idle Animation", &"Movement", 1, &"Walk Animation", &"Movement", 2, &"Run Animation", &"Movement", 3, &"Blocking Animation", &"output", 0, &"Jump"]

[sub_resource type="GDScript" id="GDScript_7upwg"]
script/source = "extends Camera3D

@onready var camera: Camera3D = $\".\"
@onready var camera_pivot: Node3D = $\"..\"
@onready var isometric_camera: Camera3D = $\".\"

# Called when the node enters the scene tree for the first time.
func _ready() -> void:
	pass # Replace with function body.


# Called every frame. 'delta' is the elapsed time since the previous frame.
func _process(delta: float) -> void:
	pass
"

[node name="Knight" instance=ExtResource("1_eng0n")]
script = ExtResource("2_xwyjr")

[node name="Hitbox" type="CollisionShape3D" parent="." index="0"]
transform = Transform3D(1, 0, 0, 0, 1, 0, 0, 0, 1, 0, 1.25, 0)
shape = SubResource("CapsuleShape3D_kesft")

[node name="Skeleton3D" parent="Rig" index="0"]
transform = Transform3D(-1, 0, -8.74228e-08, 0, 1, 0, 8.74228e-08, 0, -1, 0, 0, 0)
bones/1/position = Vector3(0.00841076, 0.378046, 1.21849e-10)
bones/2/rotation = Quaternion(-0.0605995, -0.130282, -0.00797808, 0.989591)
bones/3/rotation = Quaternion(-2.22045e-16, -3.57567e-09, -2.85747e-10, 1)
bones/4/position = Vector3(0.248044, 0.110857, 0.0825816)
bones/4/rotation = Quaternion(-0.577713, -0.249364, -0.73471, 0.253509)
bones/4/scale = Vector3(0.999999, 0.999999, 1)
bones/5/rotation = Quaternion(2.57531e-08, -7.4026e-08, -0.550246, 0.835003)
bones/6/rotation = Quaternion(-9.73784e-11, -2.98437e-10, 0.0266581, 0.999645)
bones/6/scale = Vector3(1, 1, 1)
bones/7/rotation = Quaternion(-0.195243, -0.672535, -0.0531652, 0.711864)
bones/8/position = Vector3(8.34836e-10, 0.0961252, -0.0575001)
bones/8/rotation = Quaternion(-6.29278e-09, 4.24393e-09, -0.707107, 0.707107)
bones/8/scale = Vector3(1, 1, 1)
bones/14/position = Vector3(-0.176682, 0.111703, 0.0891542)
bones/14/rotation = Quaternion(-0.248319, 0.341504, 0.842174, 0.335345)
bones/14/scale = Vector3(0.999999, 0.999999, 1)
bones/15/rotation = Quaternion(1.54903e-08, 4.43594e-08, 0.573091, 0.819492)
bones/16/rotation = Quaternion(-9.73784e-11, 2.98437e-10, -0.0266581, 0.999645)
bones/16/scale = Vector3(1, 1, 1)
bones/17/rotation = Quaternion(-0.234584, 0.22343, -0.113618, 0.939223)
bones/18/position = Vector3(-8.34829e-10, 0.0961251, -0.0574999)
bones/18/rotation = Quaternion(0.155711, -0.189455, 0.670289, 0.700409)
bones/18/scale = Vector3(1, 1, 1)
bones/21/rotation = Quaternion(0.0854265, 0.130441, 0.00470451, 0.987758)
bones/24/position = Vector3(0.170945, 0.113587, 1.39233e-08)
bones/24/rotation = Quaternion(0.993728, 0.0733767, 0.0391868, 0.0747389)
bones/24/scale = Vector3(1, 1, 1)
bones/25/rotation = Quaternion(0.350238, 6.5134e-08, -2.45306e-07, 0.936661)
bones/26/rotation = Quaternion(-0.592131, -0.213501, 0.0538368, 0.775177)
bones/27/rotation = Quaternion(-3.71812e-08, 0.920355, -0.391084, 6.66379e-08)
bones/27/scale = Vector3(1, 1, 1)
bones/28/rotation = Quaternion(0.991183, -0.0392424, -0.0117463, 0.126008)
bones/28/scale = Vector3(1, 1, 1)
bones/29/rotation = Quaternion(0.389035, -6.29368e-08, 2.68502e-07, 0.921223)
bones/30/rotation = Quaternion(-0.602857, 0.112087, -0.0280757, 0.789437)
bones/31/rotation = Quaternion(3.38478e-08, 0.920355, -0.391084, -6.80553e-08)
bones/31/scale = Vector3(1, 1, 1)
bones/32/rotation = Quaternion(0.707107, -2.29302e-07, -4.60552e-08, 0.707107)
bones/33/rotation = Quaternion(-0.707107, -7.05285e-08, -7.05285e-08, 0.707107)
bones/34/position = Vector3(0.0308395, 0.382458, -2.86687e-15)
bones/34/rotation = Quaternion(1.00138e-08, 1.91522e-09, 0.984639, -0.174603)
bones/35/position = Vector3(3.75295e-09, 0.213436, -1.0343e-08)
bones/35/rotation = Quaternion(-9.99889e-08, 0.391084, 0.920355, -3.39507e-08)
bones/36/position = Vector3(2.3491e-08, 0.16565, -5.09136e-09)
bones/37/rotation = Quaternion(1, 2.30261e-09, 1.93335e-07, -4.39844e-16)
bones/39/rotation = Quaternion(0.707107, -3.82385e-08, 1.45009e-07, 0.707107)
bones/40/rotation = Quaternion(-0.707107, -7.05285e-08, -7.05285e-08, 0.707107)
bones/41/rotation = Quaternion(-5.83589e-09, 6.43837e-10, 0.994809, 0.101756)
bones/42/position = Vector3(-1.11482e-08, 0.213436, -2.50942e-15)
bones/42/rotation = Quaternion(-1.05796e-07, 0.391084, 0.920355, -2.58643e-08)
bones/43/position = Vector3(-6.31128e-09, 0.16565, 2.70695e-09)
bones/43/rotation = Quaternion(-0.391084, -6.885e-08, -6.56287e-08, 0.920355)
bones/44/rotation = Quaternion(1, 3.76526e-09, 1.94879e-07, 7.45058e-09)
bones/46/position = Vector3(0.839842, 0.719866, -0.447558)
bones/46/rotation = Quaternion(-0.707107, -7.27951e-08, -7.27951e-08, 0.707107)
bones/47/position = Vector3(0.339729, 0.818401, 0.412805)
bones/47/rotation = Quaternion(0.611846, 0.0640472, 0.465299, 0.636427)
bones/48/position = Vector3(-0.87741, 1.03555, -0.447559)
bones/48/rotation = Quaternion(-0.707107, -7.27951e-08, -7.27951e-08, 0.707107)
bones/49/position = Vector3(-0.335004, 0.82588, 0.274458)
bones/49/rotation = Quaternion(0.330753, -0.224688, -0.90319, 0.156094)

[node name="1H_Sword_Offhand" parent="Rig/Skeleton3D" index="0"]
transform = Transform3D(0.513883, 0.55879, 0.650905, 0.181718, 0.670631, -0.719188, -0.838392, 0.48786, 0.243084, 0.252087, 0.832069, 0.557562)

[node name="1H_Sword_Offhand" parent="Rig/Skeleton3D/1H_Sword_Offhand" index="0"]
visible = false

[node name="Badge_Shield" parent="Rig/Skeleton3D" index="1"]
transform = Transform3D(0.513884, 0.558788, 0.650905, 0.18172, 0.670631, -0.719188, -0.838391, 0.487862, 0.243083, 0.353553, 0.719958, 0.595455)
visible = false

[node name="Rectangle_Shield" parent="Rig/Skeleton3D" index="2"]
transform = Transform3D(0.513884, 0.558788, 0.650905, 0.18172, 0.670631, -0.719188, -0.838391, 0.487862, 0.243083, 0.353553, 0.719958, 0.595455)
visible = false

[node name="Round_Shield" parent="Rig/Skeleton3D" index="3"]
transform = Transform3D(0.513884, 0.558788, 0.650905, 0.18172, 0.670631, -0.719188, -0.838391, 0.487862, 0.243083, 0.353553, 0.719958, 0.595455)
visible = false

[node name="Spike_Shield" parent="Rig/Skeleton3D" index="4"]
transform = Transform3D(0.513884, 0.558788, 0.650905, 0.18172, 0.670631, -0.719188, -0.838391, 0.487862, 0.243083, 0.353553, 0.719958, 0.595455)

[node name="1H_Sword" parent="Rig/Skeleton3D" index="5"]
transform = Transform3D(0.22092, 0.761971, 0.608763, 0.617506, 0.373856, -0.692038, -0.754903, 0.5288, -0.387931, -0.251925, 0.703766, 0.366367)

[node name="2H_Sword" parent="Rig/Skeleton3D" index="6"]
transform = Transform3D(0.22092, 0.761971, 0.608763, 0.617506, 0.373856, -0.692038, -0.754903, 0.5288, -0.387931, -0.251925, 0.703766, 0.366367)
visible = false

[node name="Knight_Helmet" parent="Rig/Skeleton3D" index="7"]
transform = Transform3D(1, -1.49012e-08, 4.47035e-08, 1.11759e-08, 0.998739, -0.0501992, -5.96046e-08, 0.0501992, 0.998739, 0.028742, 1.1835, -0.0771574)

[node name="Knight_Cape" parent="Rig/Skeleton3D" index="8"]
transform = Transform3D(0.965926, 0.0315801, -0.256885, -1.64585e-08, 0.992528, 0.122016, 0.258819, -0.117859, 0.958709, 0.0279352, 1.18365, -0.0728662)

[node name="AnimationTree" type="AnimationTree" parent="." index="3"]
tree_root = SubResource("AnimationNodeBlendTree_qbti1")
anim_player = NodePath("../AnimationPlayer")
parameters/Jump/active = false
parameters/Jump/internal_active = false
parameters/Jump/request = 0
parameters/Movement/current_state = "Idle"
parameters/Movement/transition_request = ""
parameters/Movement/current_index = 0

[node name="UseCast" type="RayCast3D" parent="." index="4"]
transform = Transform3D(1, 0, 0, 0, 1, 0, 0, 0, 1, 0, 1, 0)
target_position = Vector3(0, 0, -1)

[node name="CameraPivot" type="Node3D" parent="." index="5"]
transform = Transform3D(0.707107, 0.353553, -0.612372, 0, 0.866025, 0.5, 0.707107, -0.353553, 0.612372, -0.00630677, 1, 0)

[node name="IsometricCamera" type="Camera3D" parent="CameraPivot" index="0"]
transform = Transform3D(1, 0, 0, 0, 1, 0, 0, 0, 1, 0, 0, 25)
projection = 1
size = 16.0
script = SubResource("GDScript_7upwg")
