[gd_scene load_steps=5 format=3 uid="uid://c7pahh10qb6kf"]

[ext_resource type="PackedScene" uid="uid://de3dnjruckood" path="res://assets/dungeon/characters/heroes/Rogue.glb" id="1_n3iq1"]
[ext_resource type="Script" path="res://scenes/rogue.gd" id="2_wwxou"]
[ext_resource type="Script" path="res://scenes/rig.gd" id="3_kvfan"]

[sub_resource type="CapsuleShape3D" id="CapsuleShape3D_cr1r1"]
radius = 0.425692
height = 2.55305

[node name="Rogue" instance=ExtResource("1_n3iq1")]
script = ExtResource("2_wwxou")

[node name="Rig" parent="." index="0"]
unique_name_in_owner = true
script = ExtResource("3_kvfan")

[node name="Skeleton3D" parent="Rig" index="0"]
bones/1/position = Vector3(4.35612e-18, 0.360311, 1.03858e-24)
bones/2/rotation = Quaternion(-0.0435779, -0.00190264, -0.0435779, 0.998097)
bones/3/rotation = Quaternion(-4.1673e-17, -8.34049e-09, 0.0436194, 0.999048)
bones/4/position = Vector3(0.212007, 0.134132, 7.08555e-08)
bones/4/rotation = Quaternion(-0.663843, 0.0829023, -0.495784, 0.553749)
bones/5/rotation = Quaternion(2.27807e-08, -6.26263e-08, -0.563898, 0.825845)
bones/7/rotation = Quaternion(-0.340142, -0.110288, 0.0933167, 0.92921)
bones/8/position = Vector3(-6.61574e-09, 0.0961252, -0.0575)
bones/8/rotation = Quaternion(0.0950664, -0.08489, -0.70134, 0.70134)
bones/10/position = Vector3(-0.212007, 0.134132, 7.82939e-08)
bones/10/rotation = Quaternion(-0.650344, 0.0886466, 0.59723, 0.460988)
bones/11/rotation = Quaternion(1.72343e-08, 5.736e-08, 0.454757, 0.890615)
bones/13/rotation = Quaternion(-0.365637, 0.129895, -0.0528389, 0.920133)
bones/14/position = Vector3(-8.34829e-10, 0.0961251, -0.0575)
bones/14/rotation = Quaternion(0.101435, 0.059989, 0.70218, 0.70218)
bones/19/rotation = Quaternion(0, 1.19209e-07, 0, 1)
bones/21/position = Vector3(0.170945, 0.113587, 0.02)
bones/21/rotation = Quaternion(0.945631, -1.5637e-07, -2.05802e-10, 0.325241)
bones/22/rotation = Quaternion(0.376612, 6.39599e-08, -2.61546e-07, 0.926371)
bones/23/rotation = Quaternion(-0.644513, -4.28068e-08, 2.31531e-08, 0.764593)
bones/24/rotation = Quaternion(-3.04797e-08, 0.920355, -0.391084, 6.94849e-08)
bones/25/position = Vector3(-0.170945, 0.113587, -0.02)
bones/25/rotation = Quaternion(0.998867, 2.34032e-07, 2.22756e-08, -0.047581)
bones/26/rotation = Quaternion(0.620829, -5.41264e-08, 4.31147e-07, 0.783946)
bones/27/rotation = Quaternion(-0.665675, 2.18694e-07, -3.17111e-07, 0.746241)
bones/28/rotation = Quaternion(1.01465e-07, 0.767443, -0.641118, -1.10931e-07)
bones/29/rotation = Quaternion(0.707107, -2.29302e-07, -4.60551e-08, 0.707107)
bones/30/position = Vector3(0.170945, 0.175613, 0.431855)
bones/30/rotation = Quaternion(-0.866347, -4.81625e-08, -8.80646e-08, 0.499443)
bones/31/position = Vector3(4.55695e-09, 0.362833, -2.42861e-15)
bones/31/rotation = Quaternion(6.66135e-15, -1.38321e-22, 1, -1.16009e-34)
bones/32/position = Vector3(-2.60494e-08, 0.213436, 1.0343e-08)
bones/32/rotation = Quaternion(-1.04035e-07, 0.391084, 0.920355, -2.95261e-08)
bones/33/position = Vector3(-6.31128e-09, 0.16565, 5.25162e-09)
bones/34/rotation = Quaternion(1, -1.33227e-15, 1.94707e-07, 0)
bones/36/rotation = Quaternion(0.707107, -3.82385e-08, 1.45009e-07, 0.707107)
bones/37/position = Vector3(-0.170945, -0.0391851, -0.0758827)
bones/37/rotation = Quaternion(-0.401708, -9.3657e-08, -3.77511e-08, 0.915768)
bones/38/position = Vector3(1.94581e-08, 0.362833, -7.45058e-09)
bones/38/rotation = Quaternion(6.55033e-15, -1.38321e-22, 1, -1.11022e-16)
bones/39/position = Vector3(-1.11482e-08, 0.213436, 5.36347e-09)
bones/39/rotation = Quaternion(-1.04035e-07, 0.391084, 0.920355, -2.95261e-08)
bones/40/position = Vector3(8.58989e-09, 0.16565, -2.26735e-08)
bones/41/rotation = Quaternion(1, 8.88176e-16, 1.94707e-07, 8.64673e-23)
bones/43/position = Vector3(0.453508, 0.88116, -0.883876)
bones/43/rotation = Quaternion(-0.707107, -7.27951e-08, -7.27951e-08, 0.707107)
bones/44/position = Vector3(0.512235, 0.761954, -0.156786)
bones/44/rotation = Quaternion(0.733178, 0.0207136, 0.679451, 0.0191958)
bones/45/position = Vector3(-0.453507, 0.88116, -0.883876)
bones/45/rotation = Quaternion(-0.707107, -7.27951e-08, -7.27951e-08, 0.707107)
bones/46/position = Vector3(-0.499014, 0.745777, -0.030852)
bones/46/rotation = Quaternion(0.674362, -0.0851905, -0.727687, 0.0919271)

[node name="Knife_Offhand" parent="Rig/Skeleton3D" index="0"]
transform = Transform3D(-0.0183809, 0.325064, 0.945513, 0.998404, 0.0564586, -7.97053e-07, -0.0533825, 0.944004, -0.325584, 0.501969, 0.611632, -0.129071)
visible = false

[node name="Knife_Offhand" parent="Rig/Skeleton3D/Knife_Offhand" index="0"]
visible = false

[node name="1H_Crossbow" parent="Rig/Skeleton3D" index="1"]
transform = Transform3D(0.987193, -0.154516, -0.0396718, 1.28483e-07, 0.248686, -0.968583, 0.159527, 0.956179, 0.245501, -0.480585, 0.702964, -0.0162751)
visible = false

[node name="1H_Crossbow" parent="Rig/Skeleton3D/1H_Crossbow" index="0"]
visible = false

[node name="2H_Crossbow" parent="Rig/Skeleton3D" index="2"]
transform = Transform3D(0.987193, -0.154516, -0.0396718, 1.28483e-07, 0.248686, -0.968583, 0.159527, 0.956179, 0.245501, -0.480585, 0.702964, -0.0162751)
visible = false

[node name="2H_Crossbow" parent="Rig/Skeleton3D/2H_Crossbow" index="0"]
visible = false

[node name="Knife" parent="Rig/Skeleton3D" index="3"]
transform = Transform3D(0.0396718, -0.154515, 0.987193, 0.968583, 0.248686, 7.18295e-08, -0.245501, 0.956179, 0.159527, -0.486336, 0.604198, 0.0193159)
visible = false

[node name="Knife" parent="Rig/Skeleton3D/Knife" index="0"]
visible = false

[node name="Throwable" parent="Rig/Skeleton3D" index="4"]
transform = Transform3D(0.0396718, -0.154515, 0.987193, 0.968583, 0.248686, 8.82192e-08, -0.245501, 0.956179, 0.159527, -0.514187, 0.649023, 0.191664)
visible = false

[node name="Throwable" parent="Rig/Skeleton3D/Throwable" index="0"]
visible = false

[node name="Rogue_Cape" parent="Rig/Skeleton3D" index="5"]
transform = Transform3D(1, 7.45058e-09, 5.64349e-10, 1.45246e-09, 0.996195, 0.0871557, -1.62103e-10, -0.0871557, 0.996195, 0.0326824, 1.16675, -0.0537582)

[node name="CollisionShape3D" type="CollisionShape3D" parent="." index="2"]
transform = Transform3D(1, 0, 0, 0, 1, 0, 0, 0, 1, 0, 1.06166, 0)
shape = SubResource("CapsuleShape3D_cr1r1")

[node name="CameraPivot" type="Node3D" parent="." index="3"]
unique_name_in_owner = true
transform = Transform3D(0.394033, -0.558196, -0.730175, 0.108347, 0.81712, -0.566194, 0.912688, 0.143987, 0.382451, 0, 1.61704, 0)

[node name="Camera3D" type="Camera3D" parent="CameraPivot" index="0"]
unique_name_in_owner = true
transform = Transform3D(-0.992949, 0, 0.118543, 0, 1, 0, -0.118543, 0, -0.992949, 0, 0, -10)
