[gd_scene load_steps=11 format=3 uid="uid://bstu74ngpg2p8"]

[ext_resource type="MeshLibrary" uid="uid://csbu8dnn0eohy" path="res://assets/tilemap/halloween.tres" id="1_18jwg"]
[ext_resource type="MeshLibrary" uid="uid://dilpivy0fn048" path="res://assets/tilemap/dungeon_tiles.tres" id="2_42q2d"]
[ext_resource type="PackedScene" uid="uid://dwl3eokw5v32j" path="res://scenes/items/lit_torch.tscn" id="5_gvqr2"]
[ext_resource type="PackedScene" uid="uid://bbc16i4oqesmb" path="res://scenes/heroes/knight.tscn" id="6_aryfd"]
[ext_resource type="PackedScene" uid="uid://uob8cbt3k6ul" path="res://scenes/items/latern.tscn" id="6_ken8p"]
[ext_resource type="PackedScene" uid="uid://dojdxwasr8q2k" path="res://scenes/enemies/bat.tscn" id="7_0hoji"]
[ext_resource type="PackedScene" uid="uid://cu1udinxcybro" path="res://scenes/items/door.tscn" id="7_tdx4u"]

[sub_resource type="ProceduralSkyMaterial" id="ProceduralSkyMaterial_0kbn4"]
sky_horizon_color = Color(0.64625, 0.65575, 0.67075, 1)
ground_horizon_color = Color(0.64625, 0.65575, 0.67075, 1)

[sub_resource type="Sky" id="Sky_6p2kb"]
sky_material = SubResource("ProceduralSkyMaterial_0kbn4")

[sub_resource type="Environment" id="Environment_od41d"]
background_mode = 2
sky = SubResource("Sky_6p2kb")
tonemap_mode = 2
glow_enabled = true

[node name="Node3D" type="Node3D"]

[node name="WorldEnvironment" type="WorldEnvironment" parent="."]
environment = SubResource("Environment_od41d")

[node name="Halloween_items" type="GridMap" parent="."]
mesh_library = ExtResource("1_18jwg")
data = {
"cells": PackedInt32Array(6, 65526, 1048590, 6, 65522, 1048590, 5, 65522, 35, 5, 65523, 35, 4, 65523, 35, 3, 65523, 35, 2, 65523, 35, 0, 65523, 35, 1, 65523, 35, 65535, 65523, 35, 65534, 65523, 35, 65533, 65523, 35, 65532, 65523, 35, 65531, 65523, 35, 65530, 65523, 35, 65529, 65523, 35, 65528, 65523, 35, 65527, 65532, 35, 65527, 65533, 35, 65527, 65534, 35, 65527, 0, 35, 65527, 65535, 35, 65527, 1, 35, 1, 65521, 19, 65533, 65521, 19, 65531, 65521, 655374, 65529, 65521, 19, 65527, 65521, 655374, 65525, 65521, 19, 65523, 65521, 655374, 65521, 65521, 19, 65520, 65522, 1441806, 6, 65524, 1441811, 3, 65521, 655374, 65535, 65521, 655374, 65520, 65526, 1048590, 65520, 65530, 1048590, 65520, 65534, 1048590, 65520, 2, 1048590, 65520, 0, 1048595, 65520, 65532, 1048595, 65520, 65528, 1048595, 65520, 65524, 1048595, 327679, 65528, 1048606, 327677, 65528, 1048606, 327677, 65532, 1048606, 327677, 65534, 1048606, 327677, 0, 1048606, 65525, 65529, 24, 65530, 65529, 1441852, 65521, 65528, 1441821, 65521, 65532, 1441821, 65521, 0, 1441821, 65521, 65524, 1441821, 65525, 65522, 655389, 65529, 65522, 655389, 65533, 65522, 655389, 1, 65522, 655389, 5, 65524, 29, 4, 65526, 28, 3, 65526, 38, 4, 65524, 38, 0, 65522, 38, 65532, 65522, 38, 65528, 65522, 38, 65524, 65522, 38, 65521, 65525, 38, 65521, 65529, 38, 65521, 65533, 38, 65521, 1, 38, 65534, 65522, 655403, 2, 65522, 655403, 5, 65526, 655403, 65530, 65522, 655403, 65526, 65522, 655403, 65521, 65523, 1441835, 65521, 65527, 1441835, 65521, 65531, 1441835, 65521, 65535, 1441835, 65527, 65528, 1441827, 65527, 65523, 1441827, 65527, 65524, 1441827, 65527, 65526, 1441827, 65527, 65525, 1441827, 65527, 65527, 1441827, 65527, 65529, 1441827, 65527, 65531, 1441827, 65527, 65530, 1441827, 65528, 65528, 1048617, 65526, 65528, 1441833, 65522, 65522, 1441852, 65527, 65522, 1441847, 65531, 65522, 1441847, 65535, 65522, 1441847, 3, 65522, 1441847, 2, 65526, 1441847, 3, 65524, 1441847, 65521, 65526, 1441847, 65521, 65530, 1441847, 65521, 65534, 1441847, 65529, 65525, 655414, 65525, 65525, 655414, 65534, 65533, 1441805, 65531, 65533, 1441808, 65530, 65533, 1441827, 65529, 65533, 1441827, 65528, 65533, 1441827, 65535, 65528, 655372, 65534, 65528, 22, 65526, 65523, 35, 65525, 65523, 35, 65524, 65523, 35, 65523, 65523, 35, 65522, 65523, 35, 65522, 65524, 35, 65522, 65525, 35, 65522, 65526, 35, 65522, 65527, 35, 65522, 65528, 35, 65522, 65530, 35, 65522, 65529, 35, 65522, 65531, 35, 65522, 65533, 35, 65522, 65532, 35, 65522, 65534, 35, 65522, 0, 35, 65522, 65535, 35, 65522, 1, 35, 65526, 65533, 35, 65525, 65533, 35, 65524, 65533, 35, 65523, 65533, 35, 65533, 65528, 36, 0, 65526, 36, 65525, 65535, 38, 65525, 65531, 38, 65530, 65531, 38, 65530, 65535, 38, 65524, 65530, 1441842, 65524, 0, 1441842, 65529, 0, 1441842, 65529, 65530, 1441842, 65533, 65525, 1441849, 65524, 65529, 1441849, 65521, 3, 655379, 5, 8, 655372, 65535, 5, 1048627, 65535, 3, 1048627, 65526, 12, 655377, 65524, 12, 655377, 65533, 4, 655392, 65532, 4, 655392, 65531, 4, 655392, 65530, 4, 655392, 65530, 10, 655392, 65532, 10, 655392, 65531, 10, 655392, 65529, 10, 655392, 65529, 4, 655392, 65528, 4, 655392, 65526, 4, 655392, 65527, 4, 655392, 65525, 4, 655392, 65525, 12, 655392, 65525, 11, 655392, 65525, 10, 655392, 65525, 9, 655392, 65525, 8, 655392, 65525, 7, 655392, 65525, 6, 655392, 65525, 5, 655392, 65524, 10, 655392, 65523, 10, 655392, 65522, 10, 655392, 65521, 10, 655392, 65521, 12, 655392, 65529, 9, 655392, 65529, 8, 655392, 65529, 7, 655392, 65529, 6, 655392, 65529, 5, 655392, 65521, 11, 655392, 65524, 11, 655392, 65523, 11, 655392, 65522, 11, 655392, 65521, 7, 655391, 65533, 7, 655391, 65532, 7, 1441832, 65522, 7, 1048616, 65528, 12, 655406, 65533, 12, 655406, 65533, 10, 655372, 65523, 12, 655363, 65522, 12, 655377, 65535, 6, 655377, 65527, 12, 655398, 65527, 10, 655372, 65528, 10, 655403, 65526, 10, 655403, 327675, 65534, 1441803, 327673, 0, 655363, 3, 65534, 1)
}
metadata/_editor_floor_ = Vector3(0, 0, 0)

[node name="GridMap" type="GridMap" parent="."]
mesh_library = ExtResource("2_42q2d")
data = {
"cells": PackedInt32Array(5, 65535, 655539, 1, 65535, 655539, 3, 65535, 655551, 65534, 65530, 1048718, 196604, 65530, 1048718, 65532, 65530, 1048755, 65535, 9, 655563, 0, 9, 655563, 3, 9, 655554, 131077, 9, 655391, 131076, 9, 655391, 131075, 9, 655391, 196607, 9, 655391, 131072, 9, 655391, 131073, 9, 655391, 131074, 9, 655385, 3, 8, 75, 327673, 0, 103, 327670, 0, 655413, 327669, 65533, 1048629, 327669, 65531, 1048629, 327673, 65532, 1048730, 458747, 1, 179, 458745, 1, 179, 458743, 1, 179, 458741, 1, 179, 458740, 0, 1441971, 458740, 65534, 1441971, 458740, 65532, 1441971, 458740, 65530, 1441971, 327671, 65532, 103, 327677, 65529, 655539, 327669, 65529, 179, 327671, 65529, 179, 327673, 65529, 179, 327677, 1, 179, 65540, 65535, 169, 65538, 65535, 169, 5, 65534, 1441947, 1, 65532, 655517, 2, 65532, 73, 1, 65534, 1441865, 3, 65528, 1441873, 5, 65528, 655477, 327669, 65530, 103, 327669, 65532, 103, 327669, 65534, 103, 327671, 65530, 103, 327673, 65530, 103, 327671, 0, 103, 327673, 65534, 103, 327671, 65534, 103, 327669, 0, 103, 262133, 65530, 1048670, 262138, 65530, 1048670, 262133, 0, 1048670, 262138, 0, 1048670, 196597, 65530, 1048670, 196597, 0, 1048670, 196602, 65530, 1048670, 196602, 0, 1048670, 131061, 65530, 1048670, 131061, 0, 1048670, 131066, 65530, 1048670, 131066, 0, 1048670, 65525, 65530, 1048670, 65525, 0, 1048670, 65530, 0, 1048670, 65534, 10, 1048755, 196606, 10, 1048755, 65534, 65528, 109, 65533, 3, 182, 65525, 3, 182, 196595, 3, 197, 196605, 3, 179, 196603, 3, 179, 196601, 3, 179, 196599, 3, 179, 196597, 3, 179, 65531, 3, 182, 65529, 3, 182, 65527, 3, 192, 65531, 13, 655539, 65529, 13, 655563, 65526, 13, 1048761, 65527, 13, 197, 65524, 13, 185, 65522, 13, 1048761, 196594, 15, 1048755, 196592, 15, 1048755, 196594, 13, 1048761, 196596, 13, 185, 196598, 13, 1048761, 196599, 13, 197, 196601, 13, 179, 196603, 13, 179, 196596, 15, 1441971, 65524, 15, 1441971, 65526, 15, 1441971, 196598, 15, 1441971, -65547, 16, 1441895, -65549, 14, 1441895, -65549, 16, 1441895, -65551, 14, 1441895, -65551, 16, 655450, -65551, 18, 1441895, -65549, 18, 1441895, -65547, 18, 1441895, -65545, 14, 1441895, -65543, 14, 1441895, -65541, 14, 1441895, -65541, 16, 1441895, -65541, 18, 1441895, -65545, 18, 1441895, -65545, 16, 1441895, -65543, 16, 1441895, -65543, 18, 1441895, -65539, 14, 1441895, -65539, 16, 1441895, -65539, 18, 1441895, -65551, 20, 1441895, -65549, 20, 1441895, -65547, 20, 1441895, -65545, 20, 1441895, -65543, 20, 1441895, -65541, 20, 1441895, -65539, 20, 1441895, -65551, 22, 1441895, -65549, 22, 1441895, -65547, 22, 1441895, -65545, 22, 1441895, -65543, 22, 1441895, -65541, 22, 1441895, -65539, 22, 1441895, -65552, 23, 655545, 65520, 23, 655545, 196592, 23, 655545, -65550, 23, 655557, 65522, 23, 655557, 196594, 23, 655557, -65549, 23, 655539, -65547, 23, 655539, -65545, 23, 655539, -65543, 23, 655539, -65541, 23, 655539, 65523, 23, 655539, 65525, 23, 655539, 65527, 23, 655539, 65529, 23, 655539, 65531, 23, 655539, 196595, 23, 655539, 196597, 23, 655539, 196599, 23, 655539, 196601, 23, 655539, 196603, 23, 655539, 196606, 13, 1441977, 65534, 11, 1441989, 65533, 13, 655563, 196605, 13, 655557, 196606, 12, 1048773, -65538, 23, 1441977, -65539, 23, 655557, 65533, 23, 655557, 196605, 23, 655557, 196606, 23, 1441977, 65534, 23, 1441977, 65530, 65530, 1048670, -65538, 13, 1441977, -65546, 13, 1048761, -65547, 14, 143, -65540, 13, 179, -65542, 13, 179, -65544, 13, 179, -65538, 12, 1441971, -65538, 10, 1441971, 65520, 3, 1048761, 196592, 3, 1048761, 196594, 3, 179, 65522, 3, 179, 65520, 13, 1441971, 65520, 11, 1048755, 65520, 9, 1048755, 65520, 7, 1048755, 65520, 5, 1048755, 196592, 5, 1048755, 196592, 7, 1048755, 196592, 9, 1048755, 196592, 11, 1048755, 196592, 13, 1048755, 65533, 4, 103, 65531, 4, 103, 65529, 4, 103, 65527, 4, 103, 65525, 4, 103, 65521, 10, 103, 65521, 12, 103, 65523, 12, 103, 65525, 12, 103, 65527, 12, 103, 65529, 12, 103, 65533, 12, 103, 65531, 12, 103, 65533, 10, 103, 65523, 10, 103, 65525, 10, 103, 65525, 8, 103, 65525, 6, 103, 65527, 10, 103, 65529, 10, 103, 65531, 10, 103, 65524, 17, 1441977, 196596, 17, 1441977, 196595, 17, 655557, 327667, 14, 655432, 327667, 16, 655432, -65549, 13, 179, -65552, 13, 1048761, -65551, 13, 197, -65548, 13, 1441989, 65521, 15, 655502, 65521, 14, 655432, 65523, 14, 655432, 65523, 16, 655432, 65521, 16, 655450, 131057, 16, 655450, -15, 16, 655450, 327665, 18, 655463, -65552, 15, 1048755, -65552, 17, 1048755, -65552, 19, 1048755, -65552, 21, 1048755, 65520, 21, 1048755, 65520, 15, 1048755, 65520, 17, 1048755, 65520, 19, 1048755, 196592, 17, 1048755, 196592, 21, 1048755, 196592, 19, 1048755, 327665, 19, 179, 327662, 18, 1048719, 458734, 18, 1048768, 262127, 18, 1048670, 196591, 18, 1048670, 131055, 18, 1048670, 65519, 18, 1048670, 65522, 17, 197, 65521, 17, 197, 65534, 13, 1441977, 131067, 13, 655493, 65521, 4, 655458, 65521, 6, 655458, 65521, 8, 655458, 65523, 8, 655458, 65523, 6, 655458, 65523, 4, 655458, 65527, 8, 655458, 65527, 6, 655458, 65533, 8, 655458, 65533, 6, 655458, 65531, 8, 655458, 65531, 6, 655458, 65529, 8, 655463, 65529, 6, 655463, 65535, 2, 1441962, 1, 0, 1441946, 327672, 65532, 103, 327675, 0, 43, 327676, 0, 1441840, 327676, 65535, 1441840, 327676, 65534, 1441840, 327676, 65533, 1441840, 327676, 65532, 1441840, 327676, 65531, 1441840, 327674, 0, 1441867, 393209, 1, 655492, 393205, 1, 655492, 393204, 65534, 1048708, 393204, 65530, 1048708, 0, 65529, 80, 65535, 65529, 80, 262144, 65531, 168, 393204, 65535, 1048745, 327675, 65529, 179)
}
metadata/_editor_floor_ = Vector3(0, 4, 1)

[node name="GridMap2" type="GridMap" parent="."]
mesh_library = ExtResource("2_42q2d")
data = {
"cells": PackedInt32Array(5, 65533, 1048740, 327675, 65532, 1048679, 327675, 65534, 1048679, 327675, 0, 1048679, 327673, 0, 1048679, 327671, 0, 1048679, 327671, 65534, 1048679, 327673, 65534, 1048679, 327673, 65532, 1048679, 327671, 65532, 655433, 327671, 65530, 1048679, 327673, 65530, 1048679, 327669, 0, 1048679, 327669, 65534, 1048679, 327669, 65532, 1048679, 327669, 65530, 1048679, 327675, 65530, 1048679, 327676, 65530, 1048768, 0, 65534, 1048779, 0, 65532, 1048755, 1, 65532, 103, 5, 0, 1441890, 1, 0, 103, 3, 0, 103, 3, 8, 103, 65535, 0, 103, 327675, 1, 179, 327673, 1, 179, 327669, 1, 179, 327668, 0, 1441971, 327668, 65534, 1441971, 327668, 65530, 1441971, 327668, 65532, 1441973, 327671, 1, 655541, 5, 9, 179, 65535, 65535, 655539, 65534, 0, 1048755, 65534, 2, 1048755, 65534, 6, 1048755, 65534, 4, 1048768, 131070, 2, 1048708, 131070, 6, 1048708, 131077, 9, 179, 131075, 9, 179, 131073, 9, 179, 196607, 9, 179, 196606, 8, 1441971, 196606, 6, 1441971, 196606, 4, 1441971, 196606, 2, 1441971, 196606, 0, 1441971, 196607, 65535, 655539, 131073, 65535, 655539, 131075, 65535, 655539, 131077, 65535, 655539, 131072, 65534, 1048755, 131072, 65532, 1048755, 0, 65528, 1441971, 1, 65528, 103, 3, 65528, 103, 1, 65527, 181, 3, 65527, 179, 5, 65527, 179, 131072, 65528, 1441971, 131073, 65527, 655539, 131075, 65527, 655539, 131077, 65527, 655539, 65535, 65529, 655539, 65535, 65531, 655539, 196607, 65529, 655539, 196607, 65531, 655539, 196605, 65529, 655539, 196605, 65531, 655539, 65533, 65529, 655539, 65533, 65531, 655539, 327679, 65532, 655432, 327679, 65534, 655432, 327679, 65528, 655432, 327677, 65532, 655432, 327677, 65534, 655432, 327677, 65528, 655432, 327677, 0, 655432, 2, 65528, 655476, 4, 8, 1048773, 2, 8, 1048773, 3, 7, 192, 3, 4, 103, 5, 2, 103, 5, 4, 1441890, 3, 2, 1441890, 1, 2, 103, 65535, 2, 103, 65535, 4, 103, 65535, 6, 103, 65534, 8, 1441971, 65535, 8, 103, 3, 6, 1048674, 1, 6, 103, 1, 4, 1441890, 5, 6, 103, 1, 8, 1441890, 3, 9, 179, 1, 9, 179, 65535, 9, 179, 5, 65534, 103, 5, 65532, 103, 5, 65530, 103, 5, 65528, 103, 3, 65530, 103, 3, 65532, 103, 3, 65534, 103, 1, 65534, 103, 1, 65530, 103, 5, 8, 103, 458747, 1, 655378, 458743, 1, 655378, 458741, 1, 655377, 458740, 65530, 1048593, 458740, 65532, 1048594, 458740, 65534, 1048593, 458740, 0, 1048594, 458745, 1, 655377, 327673, 65533, 1441865, 327673, 65531, 1048649, 65531, 65530, 82, 65529, 65530, 82, 65527, 65530, 82, 65525, 65530, 82, 65523, 65530, 82, 65535, 65528, 82, 65533, 65528, 82, 65531, 65528, 82, 65529, 65528, 82, 65527, 65528, 82, 65525, 65528, 82, 65523, 65528, 82, 5, 65526, 83, 3, 65526, 83, 1, 65526, 83, 65535, 65526, 83, 65533, 65526, 82, 65531, 65526, 82, 65529, 65526, 82, 65527, 65526, 82, 65525, 65526, 82, 65523, 65526, 82, 5, 65524, 82, 5, 65522, 82, 3, 65522, 82, 3, 65524, 82, 1, 65522, 82, 1, 65524, 82, 65535, 65522, 82, 65535, 65524, 82, 65533, 65524, 82, 65533, 65522, 82, 65531, 65522, 82, 65531, 65524, 82, 65529, 65524, 82, 65529, 65522, 82, 65527, 65522, 82, 65525, 65522, 82, 65523, 65522, 82, 65523, 65524, 82, 65525, 65524, 82, 65527, 65524, 82, 65535, 65532, 82, 65535, 65534, 82, 65533, 65532, 82, 65533, 65534, 82, 65533, 0, 82, 65531, 65532, 82, 65529, 65532, 82, 65527, 65532, 82, 65525, 65532, 82, 65523, 65532, 82, 65523, 65534, 82, 65523, 0, 82, 65525, 0, 82, 65525, 65534, 82, 65527, 65534, 82, 65531, 65534, 82, 65529, 65534, 82, 65527, 0, 82, 65529, 0, 82, 65531, 0, 82, 65523, 2, 1048658, 65525, 2, 1048658, 65527, 2, 1048658, 65529, 2, 1048658, 65531, 2, 1048658, 65533, 2, 1048658, 65521, 2, 1048658, 65521, 0, 1048658, 65521, 65534, 1048658, 65521, 65532, 1048658, 65521, 65530, 1048658, 65521, 65528, 1048658, 65521, 65526, 1048658, 65521, 65524, 1048658, 65521, 65522, 1048658, -65551, 16, 655463, -65551, 14, 655453, -15, 14, 655453, 196593, 17, 655502, 131057, 18, 655455, 196593, 18, 655455, 262129, 18, 655455, 65521, 18, 655455, -15, 18, 655455, -65551, 18, 655455, -65552, 19, 197, -65551, 19, 197, -65550, 19, 197, -65548, 19, 1441977, 65524, 19, 1441977, 65524, 17, 1441989, -65548, 17, 1441989, -65548, 16, 1441989, 65523, 19, 655557, 65522, 19, 655557, 65521, 19, 655557, 196593, 19, 655557, 196594, 19, 655557, 196595, 19, 655557, 196596, 18, 1048773, 196596, 19, 1441977, 327667, 18, 1441864, 327678, 23, 1441977, 327676, 23, 655539, 327674, 23, 655539, 327672, 23, 655539, 327670, 23, 655539, 327668, 23, 655539, 327664, 23, 655545, 327666, 23, 655539, 327664, 20, 1048755, 327664, 22, 1048773, -65552, 22, 1048779, -65545, 13, 203, -65542, 13, 203, -65539, 13, 203, -65538, 21, 1441988, -65538, 19, 186, -65540, 19, 196, -65542, 19, 191, -65544, 19, 1048762, -65544, 21, 1048772, -65544, 23, 1048773, -65539, 22, 655413, -65540, 22, 75, -65544, 18, 655482, -65539, 18, 655482, -65543, 22, 655481, 65529, 22, 655479, -65547, 22, 655489, -65544, 14, 655422, -65543, 14, 655422, -65541, 14, 655422, -65540, 14, 655422, -12, 18, 1048708, -65551, 21, 155, -65539, 20, 149, 65533, 23, 655373, 65531, 23, 655373, 65529, 23, 655373, 65527, 23, 655373, 65525, 23, 655373, 65523, 23, 655373, 65521, 23, 655373, 65527, 13, 10, 65529, 13, 10, 65531, 13, 10, 65533, 13, 10, -65550, 22, 45, 65530, 11, 1048735, 65532, 11, 1048735, 65529, 11, 1048735, 65531, 11, 1048735, 196592, 4, 1048598, 196592, 6, 1048598, 196592, 8, 1048598, 196592, 10, 1048598, 196592, 12, 1048598, 196592, 14, 1048598, 196594, 3, 22, 196596, 3, 22, 196598, 3, 22, 196600, 3, 22, 196602, 3, 22, 196604, 3, 22, 65526, 11, 44, 65528, 11, 44, 65533, 11, 44, 327676, 0, 1048772, 327676, 65532, 1048772, 327676, 65534, 1048772)
}
metadata/_editor_floor_ = Vector3(0, -1, 0)

[node name="table_items" type="GridMap" parent="."]
mesh_library = ExtResource("2_42q2d")
cell_size = Vector3(1.03, 1.3, 1)
data = {
"cells": PackedInt32Array(131059, 23, 1048630, 131061, 23, 1048631, 131063, 23, 1048633, 131065, 23, 1048632, 327671, 26, 655478)
}
metadata/_editor_floor_ = Vector3(0, 1, 0)

[node name="GroundCollision" type="CSGBox3D" parent="."]
transform = Transform3D(1, 0, 0, 0, 1, 0, 0, 0, 1, -9.39258, 0.518211, -1.09637)
visible = false
use_collision = true
size = Vector3(44.6143, 1, 56.193)

[node name="Torches" type="Node" parent="."]

[node name="Torch2" parent="Torches" instance=ExtResource("5_gvqr2")]
transform = Transform3D(1, 0, 0, 0, 0.866025, 0.5, 0, -0.5, 0.866025, 11.9189, 5.36128, -1.60156)

[node name="Torch1" parent="Torches" instance=ExtResource("5_gvqr2")]
transform = Transform3D(0.965926, 0.258819, 0, -0.258819, 0.965926, 0, 0, 0, 1, 3.66975, 5.08251, -7.84551)

[node name="Torch3" parent="Torches" instance=ExtResource("5_gvqr2")]
transform = Transform3D(1, 0, 0, 0, 0.919705, -0.39261, 0, 0.39261, 0.919705, 10.6331, 5.69418, -16.4694)

[node name="Torch4" parent="Torches" instance=ExtResource("5_gvqr2")]
transform = Transform3D(1, 0, 0, 0, 0.848492, -0.529209, 0, 0.529209, 0.848492, 8.78906, 5.21784, -0.390819)

[node name="Torch5" parent="Torches" instance=ExtResource("5_gvqr2")]
transform = Transform3D(0.570742, 0.821129, 0, -0.821129, 0.570742, 0, 0, 0, 1, -1.19009, 3.70617, 8.87105)

[node name="Torch6" parent="Torches" instance=ExtResource("5_gvqr2")]
transform = Transform3D(0.533762, 0.68645, -0.493846, -2.05873e-08, 0.583995, 0.811758, 0.845635, -0.433285, 0.311714, 10.2566, 4.84216, 16.1779)

[node name="Torch7" parent="Torches" instance=ExtResource("5_gvqr2")]
transform = Transform3D(0.915288, -0.333014, 0.226605, 0.144771, 0.796953, 0.586436, -0.375885, -0.503952, 0.777652, 6.47778, 5.07095, 14.0502)

[node name="Torch8" parent="Torches" instance=ExtResource("5_gvqr2")]
transform = Transform3D(-0.00943166, -0.207557, -0.978178, 0.740916, 0.655484, -0.146229, 0.671531, -0.726127, 0.1476, -15.6545, 6.48644, 27.654)

[node name="Torch9" parent="Torches" instance=ExtResource("5_gvqr2")]
transform = Transform3D(-0.00943166, -0.207557, -0.978178, 0.740916, 0.655484, -0.146229, 0.671531, -0.726127, 0.1476, -7.4923, 6.48644, 27.654)

[node name="Torch10" parent="Torches" instance=ExtResource("5_gvqr2")]
transform = Transform3D(-0.00943166, -0.207557, -0.978178, 0.740916, 0.655484, -0.146229, 0.671531, -0.726127, 0.1476, -24.9598, 6.48644, 27.654)

[node name="Torch11" parent="Torches" instance=ExtResource("5_gvqr2")]
transform = Transform3D(0.668395, -0.74093, 0.0653511, 0.740916, 0.655484, -0.146229, 0.0655092, 0.146159, 0.98709, -2.42533, 6.48644, 16.8525)

[node name="Torch12" parent="Torches" instance=ExtResource("5_gvqr2")]
transform = Transform3D(-0.197368, 0.585686, 0.786142, 0.770964, 0.588054, -0.244551, -0.605525, 0.55782, -0.567606, -30.6764, 6.48644, 21.2561)

[node name="Torch13" parent="Torches" instance=ExtResource("5_gvqr2")]
transform = Transform3D(-0.197368, 0.585686, 0.786142, 0.770964, 0.588054, -0.244551, -0.605525, 0.55782, -0.567606, -30.6764, 6.48644, 15.1505)

[node name="Torch14" parent="Torches" instance=ExtResource("5_gvqr2")]
transform = Transform3D(-0.197368, 0.585686, 0.786142, 0.770964, 0.588054, -0.244551, -0.605525, 0.55782, -0.567606, -30.6764, 6.48644, 7.64089)

[node name="Torch15" parent="Torches" instance=ExtResource("5_gvqr2")]
transform = Transform3D(0.866026, 0.5, 0, -0.5, 0.866026, 0, 0, 0, 1, 3.5156, 4.73571, -13.1343)

[node name="Torch16" parent="Torches" instance=ExtResource("5_gvqr2")]
transform = Transform3D(0.37838, 0.178229, -0.90833, 0.747194, 0.52041, 0.413369, 0.546379, -0.835109, 0.0637413, -10.0455, 14.5362, 3.33016)

[node name="Torch17" parent="Torches" instance=ExtResource("5_gvqr2")]
transform = Transform3D(0.37838, 0.178229, -0.90833, 0.747194, 0.52041, 0.413369, 0.546379, -0.835109, 0.0637413, -18.3317, 14.3636, 3.33016)

[node name="Torch18" parent="Torches" instance=ExtResource("5_gvqr2")]
transform = Transform3D(-0.452441, 0.8539, -0.257198, 0.747194, 0.52041, 0.413369, 0.486825, -0.00515152, -0.873485, -23.2043, 14.1345, -5.98842)

[node name="Torch19" parent="Torches" instance=ExtResource("5_gvqr2")]
transform = Transform3D(-0.23664, -0.372889, 0.897193, 0.747194, 0.520411, 0.413369, -0.62105, 0.768197, 0.155471, -16.022, 12.8566, -13.7292)

[node name="Torch20" parent="Torches" instance=ExtResource("5_gvqr2")]
transform = Transform3D(1, 0, 0, 0, 0.689607, 0.724184, 0, -0.724184, 0.689607, -7.14054, -0.361024, 38.5967)

[node name="Torch21" parent="Torches" instance=ExtResource("5_gvqr2")]
transform = Transform3D(1, 0, 0, 0, 0.855419, 0.517937, 0, -0.517937, 0.855419, -10.9975, -0.361024, 38.1745)

[node name="Torch22" parent="Torches" instance=ExtResource("5_gvqr2")]
transform = Transform3D(1, 0, 0, 0, 0.66467, 0.747137, 0, -0.747137, 0.66467, -6.27617, -0.0330949, 46.5284)

[node name="Torch23" parent="Torches" instance=ExtResource("5_gvqr2")]
transform = Transform3D(0.685641, 0.72794, 0, -0.72794, 0.685641, 0, 0, 0, 1, -16.7217, -1.23617, 30.0875)

[node name="Torch24" parent="Torches" instance=ExtResource("5_gvqr2")]
transform = Transform3D(-0.326244, -0.346371, -0.879541, -0.869879, 0.474166, 0.135929, 0.369966, 0.80944, -0.455995, -9.44465, -2.08522, 28.168)

[node name="Torch25" parent="Torches" instance=ExtResource("5_gvqr2")]
transform = Transform3D(0.685641, 0.72794, 0, -0.72794, 0.685641, 0, 0, 0, 1, -27.8508, -0.976266, 42.0612)

[node name="Torch26" parent="Torches" instance=ExtResource("5_gvqr2")]
transform = Transform3D(1, 0, 0, 0, 0.855419, 0.517937, 0, -0.517937, 0.855419, -14.7739, -0.361024, 46.2746)

[node name="Torch27" parent="Torches" instance=ExtResource("5_gvqr2")]
transform = Transform3D(1, 0, 0, 0, 0.379343, 0.925256, 0, -0.925256, 0.379343, -27.3074, 11.0102, 38.4502)

[node name="Laterns" type="Node" parent="."]

[node name="Latern1" parent="Laterns" instance=ExtResource("6_ken8p")]
transform = Transform3D(1, 0, 0, 0, 1, 0, 0, 0, 1, -16.863, 1.01821, 14.954)

[node name="Latern2" parent="Laterns" instance=ExtResource("6_ken8p")]
transform = Transform3D(1, 0, 0, 0, 1, 0, 0, 0, 1, -8.90412, 1.01821, 14.954)

[node name="Latern3" parent="Laterns" instance=ExtResource("6_ken8p")]
transform = Transform3D(1, 0, 0, 0, 1, 0, 0, 0, 1, -24.8856, 1.01821, 11.0245)

[node name="Latern4" parent="Laterns" instance=ExtResource("6_ken8p")]
transform = Transform3D(1, 0, 0, 0, 1, 0, 0, 0, 1, 4.35112, 1, -23.3955)

[node name="Latern5" parent="Laterns" instance=ExtResource("6_ken8p")]
transform = Transform3D(1, 0, 0, 0, 1, 0, 0, 0, 1, -4.29645, 1, -23.2588)

[node name="Latern6" parent="Laterns" instance=ExtResource("6_ken8p")]
transform = Transform3D(1, 0, 0, 0, 1, 0, 0, 0, 1, -14.485, 1, -22.989)

[node name="Latern7" parent="Laterns" instance=ExtResource("6_ken8p")]
transform = Transform3D(1, 0, 0, 0, 1, 0, 0, 0, 1, -23.4876, 1, -22.989)

[node name="Latern8" parent="Laterns" instance=ExtResource("6_ken8p")]
transform = Transform3D(1, 0, 0, 0, 1, 0, 0, 0, 1, -23.4876, 1, -16.6937)

[node name="Latern9" parent="Laterns" instance=ExtResource("6_ken8p")]
transform = Transform3D(1, 0, 0, 0, 1, 0, 0, 0, 1, -23.4876, 1, -7.62087)

[node name="Latern11" parent="Laterns" instance=ExtResource("6_ken8p")]
transform = Transform3D(1, 0, 0, 0, 1, 0, 0, 0, 1, -13.1578, 1, -3.0514)

[node name="Latern10" parent="Laterns" instance=ExtResource("6_ken8p")]
transform = Transform3D(1, 0, 0, 0, 1, 0, 0, 0, 1, -23.4876, 1, -1.92754)

[node name="Latern12" parent="Laterns" instance=ExtResource("6_ken8p")]
transform = Transform3D(1, 0, 0, 0, 1, 0, 0, 0, 1, -13.1578, 1, -7.48663)

[node name="Latern14" parent="Laterns" instance=ExtResource("6_ken8p")]
transform = Transform3D(1, 0, 0, 0, 1, 0, 0, 0, 1, -6.82443, 1, -15.968)

[node name="DirectionalLight3D" type="DirectionalLight3D" parent="."]
transform = Transform3D(0.605086, 0, -0.79616, -0.107239, 0.990887, -0.0815022, 0.788905, 0.134695, 0.599572, 53, -185.07, 11.1946)

[node name="DungeonDoor" parent="." instance=ExtResource("7_tdx4u")]
transform = Transform3D(0.0154281, 0, 0.999881, 0, 1, 0, -0.999881, 0, 0.0154281, -7.2106, 8.99277, -10.0338)

[node name="Knight" parent="." instance=ExtResource("6_aryfd")]
transform = Transform3D(-0.965926, 0, 0.258819, 0, 1, 0, -0.258819, 0, -0.965926, 7.72028, 1.04998, -9.79096)

[node name="CharacterBody3D" parent="." instance=ExtResource("7_0hoji")]
transform = Transform3D(1, 0, 0, 0, 1, 0, 0, 0, 1, 6.536, 7.19567, -5.86121)
