[gd_scene load_steps=13 format=3 uid="uid://be0j8gwin07re"]

[ext_resource type="PackedScene" uid="uid://de3dnjruckood" path="res://assets/dungeon/characters/heroes/Rogue.glb" id="1_n3iq1"]
[ext_resource type="Script" path="res://scripts/rogue.gd" id="2_d1gdb"]

[sub_resource type="CapsuleShape3D" id="CapsuleShape3D_la7bs"]
height = 2.56024

[sub_resource type="AnimationNodeTransition" id="AnimationNodeTransition_n6bya"]
input_0/name = "IRJ"
input_0/auto_advance = false
input_0/break_loop_at_end = false
input_0/reset = true
input_1/name = "Interaction"
input_1/auto_advance = false
input_1/break_loop_at_end = false
input_1/reset = true
input_2/name = "Death"
input_2/auto_advance = false
input_2/break_loop_at_end = false
input_2/reset = true

[sub_resource type="AnimationNodeAnimation" id="AnimationNodeAnimation_eaxfc"]
animation = &"Death_A"

[sub_resource type="AnimationNodeAnimation" id="AnimationNodeAnimation_ix1jx"]
animation = &"Idle"

[sub_resource type="AnimationNodeAnimation" id="AnimationNodeAnimation_xbarc"]
animation = &"Interact"

[sub_resource type="AnimationNodeOneShot" id="AnimationNodeOneShot_qs8cm"]

[sub_resource type="AnimationNodeAnimation" id="AnimationNodeAnimation_tbd40"]
animation = &"Jump_Full_Short"

[sub_resource type="AnimationNodeTransition" id="AnimationNodeTransition_6t0pg"]
input_0/name = "Idle"
input_0/auto_advance = false
input_0/break_loop_at_end = false
input_0/reset = true
input_1/name = "RJ"
input_1/auto_advance = false
input_1/break_loop_at_end = false
input_1/reset = true

[sub_resource type="AnimationNodeAnimation" id="AnimationNodeAnimation_npc11"]
animation = &"Running_A"

[sub_resource type="AnimationNodeBlendTree" id="AnimationNodeBlendTree_an1lh"]
graph_offset = Vector2(213.58, 86.3131)
nodes/Action/node = SubResource("AnimationNodeTransition_n6bya")
nodes/Action/position = Vector2(666.667, 133.333)
nodes/Dying/node = SubResource("AnimationNodeAnimation_eaxfc")
nodes/Dying/position = Vector2(533.333, 533.333)
nodes/Idle/node = SubResource("AnimationNodeAnimation_ix1jx")
nodes/Idle/position = Vector2(-160, 186.667)
nodes/Interact/node = SubResource("AnimationNodeAnimation_xbarc")
nodes/Interact/position = Vector2(400, 453.333)
nodes/Jump/node = SubResource("AnimationNodeOneShot_qs8cm")
nodes/Jump/position = Vector2(1040, 133.333)
nodes/Jumping/node = SubResource("AnimationNodeAnimation_tbd40")
nodes/Jumping/position = Vector2(773.333, 373.333)
nodes/Movement/node = SubResource("AnimationNodeTransition_6t0pg")
nodes/Movement/position = Vector2(293.333, 186.667)
nodes/Running/node = SubResource("AnimationNodeAnimation_npc11")
nodes/Running/position = Vector2(-53.3333, 320)
nodes/output/position = Vector2(1280, 160)
node_connections = [&"Action", 0, &"Movement", &"Action", 1, &"Interact", &"Action", 2, &"Dying", &"Jump", 0, &"Action", &"Jump", 1, &"Jumping", &"Movement", 0, &"Idle", &"Movement", 1, &"Running", &"output", 0, &"Jump"]

[node name="Rogue" groups=["player"] instance=ExtResource("1_n3iq1")]
script = ExtResource("2_d1gdb")

[node name="Rig" parent="." index="0"]
unique_name_in_owner = true

[node name="Skeleton3D" parent="Rig" index="0"]
bones/1/position = Vector3(0, 0.379335, 0)
bones/1/rotation = Quaternion(-1.11123e-10, 0.0431578, 2.57241e-09, 0.999068)
bones/2/rotation = Quaternion(-6.93889e-18, 7.10543e-15, 4.93038e-32, 1)
bones/3/rotation = Quaternion(8.27181e-25, 3.72529e-09, 0, 1)
bones/4/position = Vector3(0.212007, 0.134132, 7.92996e-08)
bones/4/rotation = Quaternion(-0.552178, -0.0630367, -0.657398, 0.508875)
bones/4/scale = Vector3(0.999999, 0.999999, 1)
bones/5/rotation = Quaternion(1.67185e-08, -3.95136e-08, -0.474955, 0.88001)
bones/6/rotation = Quaternion(-9.73784e-11, -2.98437e-10, 0.0266581, 0.999645)
bones/6/scale = Vector3(1, 1, 1)
bones/7/rotation = Quaternion(-0.316581, -0.329135, 0.133635, 0.879539)
bones/8/position = Vector3(8.34843e-10, 0.0961252, -0.0575)
bones/8/rotation = Quaternion(0.00165327, 0.00165327, -0.701011, 0.713147)
bones/8/scale = Vector3(1, 1, 1)
bones/10/position = Vector3(-0.212007, 0.134132, 8.6814e-08)
bones/10/rotation = Quaternion(-0.611681, 0.0831256, 0.630167, 0.470984)
bones/10/scale = Vector3(0.999999, 0.999999, 1)
bones/11/rotation = Quaternion(8.33543e-09, 4.71006e-08, 0.49909, 0.86655)
bones/12/rotation = Quaternion(-9.73784e-11, 2.98437e-10, -0.0266581, 0.999645)
bones/12/scale = Vector3(1, 1, 1)
bones/13/rotation = Quaternion(-0.315169, 0.303191, -0.215335, 0.873141)
bones/14/position = Vector3(-1.5736e-08, 0.0961251, -0.0575)
bones/14/rotation = Quaternion(0.00425904, 0.00501652, 0.702663, 0.711492)
bones/14/scale = Vector3(1, 1, 1)
bones/15/rotation = Quaternion(1.84042e-07, 0.707107, -1.18836e-07, 0.707107)
bones/16/rotation = Quaternion(1.84042e-07, 0.707107, -1.18836e-07, 0.707107)
bones/19/rotation = Quaternion(-5.8061e-11, -0.0313416, -1.88013e-09, 0.999509)
bones/21/position = Vector3(0.170945, 0.113587, 1.59941e-08)
bones/21/rotation = Quaternion(0.991754, 0.0831614, 0.0769455, 0.0599014)
bones/21/scale = Vector3(1, 1, 1)
bones/22/rotation = Quaternion(0.323416, 6.01087e-08, -2.22812e-07, 0.946257)
bones/23/rotation = Quaternion(-0.58403, -0.204731, 0.064054, 0.782874)
bones/24/rotation = Quaternion(-9.74126e-09, 0.920355, -0.391084, 7.8309e-08)
bones/24/scale = Vector3(1, 1, 1)
bones/25/position = Vector3(-0.170945, 0.113587, 1.55755e-08)
bones/25/rotation = Quaternion(0.994149, -0.0317402, 0.0304815, 0.0986523)
bones/25/scale = Vector3(1, 1, 1)
bones/26/rotation = Quaternion(0.376075, -6.09121e-08, 2.6278e-07, 0.926589)
bones/27/rotation = Quaternion(-0.613479, 0.11352, -0.0174486, 0.781314)
bones/28/rotation = Quaternion(3.03597e-08, 0.920355, -0.391084, -6.95338e-08)
bones/28/scale = Vector3(1, 1, 1)
bones/29/rotation = Quaternion(0.707107, -2.29302e-07, -4.60551e-08, 0.707107)
bones/30/position = Vector3(0.202182, 0.0259903, 0.205181)
bones/30/rotation = Quaternion(-0.707107, -7.05285e-08, -7.05285e-08, 0.707107)
bones/31/rotation = Quaternion(9.65792e-09, 1.77955e-09, 0.985719, -0.168398)
bones/32/position = Vector3(-2.60494e-08, 0.213436, -5.1715e-09)
bones/32/rotation = Quaternion(-1.01273e-07, 0.391084, 0.920355, -3.35091e-08)
bones/33/position = Vector3(8.58988e-09, 0.16565, -2.40963e-09)
bones/34/rotation = Quaternion(1, -2.33136e-09, 1.99777e-07, -1.34211e-15)
bones/36/rotation = Quaternion(0.707107, -3.82385e-08, 1.45009e-07, 0.707107)
bones/37/rotation = Quaternion(-0.707107, -7.05285e-08, -7.05285e-08, 0.707107)
bones/38/rotation = Quaternion(-5.83589e-09, 6.43837e-10, 0.994809, 0.101756)
bones/39/position = Vector3(-1.11482e-08, 0.213436, -2.50942e-15)
bones/39/rotation = Quaternion(-1.05796e-07, 0.391084, 0.920355, -2.58643e-08)
bones/40/position = Vector3(-6.31128e-09, 0.16565, 2.70695e-09)
bones/40/rotation = Quaternion(-0.391084, -6.885e-08, -6.56287e-08, 0.920355)
bones/41/rotation = Quaternion(1, 3.76526e-09, 1.94879e-07, 7.45058e-09)
bones/43/rotation = Quaternion(-0.707107, -7.27951e-08, -7.27951e-08, 0.707107)
bones/44/position = Vector3(0.520841, 0.767967, -0.0576374)
bones/44/rotation = Quaternion(0.794627, -1.11759e-07, 0.607098, -5.96046e-08)
bones/45/rotation = Quaternion(-0.707107, -7.27951e-08, -7.27951e-08, 0.707107)
bones/46/position = Vector3(-0.510844, 0.767967, 0.0597369)
bones/46/rotation = Quaternion(0.758253, 1.52737e-07, -0.651961, 1.11759e-08)

[node name="Knife_Offhand" parent="Rig/Skeleton3D" index="0"]
transform = Transform3D(-6.14008e-07, 0.262865, 0.964832, 0.999841, -0.0171612, 0.00467713, 0.0177876, 0.964679, -0.262823, 0.507374, 0.615244, -0.0200497)
visible = false

[node name="1H_Crossbow" parent="Rig/Skeleton3D" index="1"]
transform = Transform3D(0.986648, -0.162833, 0.00300984, 0.000988141, -0.01249, -0.999921, 0.162858, 0.986574, -0.0121629, -0.48955, 0.724066, 0.0961498)
visible = false

[node name="2H_Crossbow" parent="Rig/Skeleton3D" index="2"]
transform = Transform3D(0.986648, -0.162833, 0.00300984, 0.000988141, -0.01249, -0.999921, 0.162858, 0.986574, -0.0121629, -0.48955, 0.724066, 0.0961498)
visible = false

[node name="Knife" parent="Rig/Skeleton3D" index="3"]
transform = Transform3D(-0.00300983, -0.162833, 0.986648, 0.999921, -0.0124898, 0.000988163, 0.0121628, 0.986574, 0.162858, -0.490921, 0.619317, 0.105097)
visible = false

[node name="Throwable" parent="Rig/Skeleton3D" index="4"]
transform = Transform3D(-0.00300982, -0.162833, 0.986648, 0.999921, -0.0124898, 0.000988148, 0.0121628, 0.986574, 0.162858, -0.520271, 0.617065, 0.282923)
visible = false

[node name="Rogue_Cape" parent="Rig/Skeleton3D" index="5"]
transform = Transform3D(0.996275, -5.14962e-09, 0.0862353, 5.13043e-09, 1, 4.44077e-10, -0.0862353, 1.88007e-15, 0.996275, -4.17227e-09, 1.18954, 1.52591e-15)

[node name="CollisionShape3D" type="CollisionShape3D" parent="." index="1"]
transform = Transform3D(1, 0, 0, 0, 1, 0, 0, 0, 1, 0, 1, 0)
shape = SubResource("CapsuleShape3D_la7bs")

[node name="AnimationTree" type="AnimationTree" parent="." index="3"]
tree_root = SubResource("AnimationNodeBlendTree_an1lh")
anim_player = NodePath("../AnimationPlayer")
parameters/Action/current_state = "IRJ"
parameters/Action/transition_request = ""
parameters/Action/current_index = 0
parameters/Jump/active = false
parameters/Jump/internal_active = false
parameters/Jump/request = 0
parameters/Movement/current_state = "Idle"
parameters/Movement/transition_request = ""
parameters/Movement/current_index = 0

[node name="camera_point" type="Node3D" parent="." index="4"]
transform = Transform3D(-1, -4.37114e-08, 7.57103e-08, 0, 0.866025, 0.5, -8.74228e-08, 0.5, -0.866025, 0, 5, -8)
