[gd_scene load_steps=21 format=3 uid="uid://bbc16i4oqesmb"]

[ext_resource type="PackedScene" uid="uid://d4bqdrl61p7n1" path="res://assets/dungeon/characters/heroes/Knight.glb" id="1_lw6ox"]
[ext_resource type="Script" path="res://scripts/heroes/knight.gd" id="2_fhiwi"]
[ext_resource type="PackedScene" uid="uid://d2ep8nb6bqfh6" path="res://scenes/health_component.tscn" id="3_fbl3p"]
[ext_resource type="Script" path="res://scripts/health_component_display.gd" id="4_34l03"]

[sub_resource type="CapsuleShape3D" id="CapsuleShape3D_kesft"]
height = 2.49257

[sub_resource type="BoxShape3D" id="BoxShape3D_6tjpr"]
size = Vector3(3, 2, 2)

[sub_resource type="AnimationNodeAnimation" id="AnimationNodeAnimation_ohk1k"]
animation = &"Blocking"

[sub_resource type="AnimationNodeAnimation" id="AnimationNodeAnimation_4l6ub"]
animation = &"2H_Melee_Idle"

[sub_resource type="AnimationNodeAnimation" id="AnimationNodeAnimation_7py51"]
animation = &"Jump_Full_Short"

[sub_resource type="AnimationNodeOneShot" id="AnimationNodeOneShot_3ounb"]
filter_enabled = true
filters = ["", "Rig/Skeleton3D:IK-foot.l", "Rig/Skeleton3D:IK-foot.r", "Rig/Skeleton3D:chest", "Rig/Skeleton3D:control-foot-roll.l", "Rig/Skeleton3D:control-foot-roll.r", "Rig/Skeleton3D:control-heel-roll.l", "Rig/Skeleton3D:control-heel-roll.r", "Rig/Skeleton3D:control-toe-roll.l", "Rig/Skeleton3D:control-toe-roll.r", "Rig/Skeleton3D:elbowIK.l", "Rig/Skeleton3D:elbowIK.r", "Rig/Skeleton3D:foot.l", "Rig/Skeleton3D:foot.r", "Rig/Skeleton3D:handIK.l", "Rig/Skeleton3D:handIK.r", "Rig/Skeleton3D:head", "Rig/Skeleton3D:heelIK.l", "Rig/Skeleton3D:heelIK.r", "Rig/Skeleton3D:hips", "Rig/Skeleton3D:kneeIK.l", "Rig/Skeleton3D:kneeIK.r", "Rig/Skeleton3D:lowerleg.l", "Rig/Skeleton3D:lowerleg.r", "Rig/Skeleton3D:root", "Rig/Skeleton3D:spine", "Rig/Skeleton3D:toes.l", "Rig/Skeleton3D:toes.r", "Rig/Skeleton3D:upperleg.l", "Rig/Skeleton3D:upperleg.r"]
mix_mode = 1
fadein_time = 0.2

[sub_resource type="AnimationNodeTransition" id="AnimationNodeTransition_fqns2"]
xfade_time = 0.25
input_0/name = "Idle"
input_0/auto_advance = false
input_0/break_loop_at_end = false
input_0/reset = true
input_1/name = "Run"
input_1/auto_advance = false
input_1/break_loop_at_end = false
input_1/reset = true
input_2/name = "Blocking"
input_2/auto_advance = false
input_2/break_loop_at_end = false
input_2/reset = true

[sub_resource type="AnimationNodeAnimation" id="AnimationNodeAnimation_ehytl"]
animation = &"Running_A"

[sub_resource type="AnimationNodeAnimation" id="AnimationNodeAnimation_htgru"]
animation = &"Running_Strafe_Right"

[sub_resource type="AnimationNodeAnimation" id="AnimationNodeAnimation_14y6i"]
animation = &"Running_Strafe_Left"

[sub_resource type="AnimationNodeAnimation" id="AnimationNodeAnimation_25etb"]
animation = &"Walking_Backwards"

[sub_resource type="AnimationNodeAnimation" id="AnimationNodeAnimation_7kssr"]
animation = &"Walking_B"

[sub_resource type="AnimationNodeBlendSpace2D" id="AnimationNodeBlendSpace2D_mhrwc"]
blend_point_0/node = SubResource("AnimationNodeAnimation_ehytl")
blend_point_0/pos = Vector2(0, 1)
blend_point_1/node = SubResource("AnimationNodeAnimation_htgru")
blend_point_1/pos = Vector2(1, 0)
blend_point_2/node = SubResource("AnimationNodeAnimation_14y6i")
blend_point_2/pos = Vector2(-1, 0)
blend_point_3/node = SubResource("AnimationNodeAnimation_25etb")
blend_point_3/pos = Vector2(0, -1)
blend_point_4/node = SubResource("AnimationNodeAnimation_7kssr")
blend_point_4/pos = Vector2(0, 0)

[sub_resource type="AnimationNodeBlendTree" id="AnimationNodeBlendTree_qbti1"]
graph_offset = Vector2(-237.617, 53.0575)
"nodes/Blocking Animation/node" = SubResource("AnimationNodeAnimation_ohk1k")
"nodes/Blocking Animation/position" = Vector2(260, 500)
"nodes/Idle Animation/node" = SubResource("AnimationNodeAnimation_4l6ub")
"nodes/Idle Animation/position" = Vector2(260, 80)
nodes/Jump/node = SubResource("AnimationNodeOneShot_3ounb")
nodes/Jump/position = Vector2(900, 220)
"nodes/Jump Animation/node" = SubResource("AnimationNodeAnimation_7py51")
"nodes/Jump Animation/position" = Vector2(660, 540)
nodes/Movement/node = SubResource("AnimationNodeTransition_fqns2")
nodes/Movement/position = Vector2(640, 220)
"nodes/Running Animation/node" = SubResource("AnimationNodeBlendSpace2D_mhrwc")
"nodes/Running Animation/position" = Vector2(260, 280)
nodes/output/position = Vector2(1140, 220)
node_connections = [&"Jump", 0, &"Movement", &"Jump", 1, &"Jump Animation", &"Movement", 0, &"Idle Animation", &"Movement", 1, &"Running Animation", &"Movement", 2, &"Blocking Animation", &"output", 0, &"Jump"]

[sub_resource type="GDScript" id="GDScript_7upwg"]
script/source = "extends Camera3D

@onready var camera: Camera3D = $\".\"
@onready var camera_pivot: Node3D = $\"..\"
@onready var isometric_camera: Camera3D = $\".\"

# Called when the node enters the scene tree for the first time.
func _ready() -> void:
	pass # Replace with function body.


# Called every frame. 'delta' is the elapsed time since the previous frame.
func _process(delta: float) -> void:
	pass
"

[sub_resource type="ViewportTexture" id="ViewportTexture_s8okp"]
viewport_path = NodePath("SubViewport")

[node name="Knight" groups=["soldier"] instance=ExtResource("1_lw6ox")]
script = ExtResource("2_fhiwi")

[node name="Hitbox" type="CollisionShape3D" parent="." index="0"]
transform = Transform3D(1, 0, 0, 0, 1, 0, 0, 0, 1, 0, 1.25, 0)
shape = SubResource("CapsuleShape3D_kesft")

[node name="Hurtbox" type="Area3D" parent="." index="1"]

[node name="CollisionShape3D" type="CollisionShape3D" parent="Hurtbox" index="0"]
transform = Transform3D(1, 0, 0, 0, 1, 0, 0, 0, 1, 0, 1, -1.5)
shape = SubResource("BoxShape3D_6tjpr")

[node name="Skeleton3D" parent="Rig" index="0"]
transform = Transform3D(-1, 0, -8.74228e-08, 0, 1, 0, 8.74228e-08, 0, -1, 0, 0, 0)
bones/0/rotation = Quaternion(-1.4323e-10, 0.00416225, 2.48082e-10, 0.999991)
bones/1/position = Vector3(0, 0.37319, 0)
bones/1/rotation = Quaternion(0.000815797, -5.71652e-05, -0.000552995, 1)
bones/2/rotation = Quaternion(-0.0421694, -0.00190166, -0.0240812, 0.998818)
bones/3/rotation = Quaternion(0.000460294, -0.00123678, 0.0251152, 0.999684)
bones/4/position = Vector3(0.211935, 0.13402, -0.000370619)
bones/4/rotation = Quaternion(-0.667821, 0.0401906, -0.531584, 0.51944)
bones/4/scale = Vector3(0.999999, 0.999999, 1)
bones/5/rotation = Quaternion(2.49333e-08, -5.11182e-08, -0.525102, 0.851039)
bones/6/rotation = Quaternion(-9.73784e-11, -2.98437e-10, 0.0266581, 0.999645)
bones/6/scale = Vector3(1, 1, 1)
bones/7/rotation = Quaternion(-0.335988, -0.111118, 0.079127, 0.931936)
bones/8/position = Vector3(-6.08271e-09, 0.0961252, -0.0575)
bones/8/rotation = Quaternion(0.0941955, -0.0834821, -0.699814, 0.703149)
bones/8/scale = Vector3(1, 1, 1)
bones/14/position = Vector3(-0.211876, 0.133991, -0.000354506)
bones/14/rotation = Quaternion(-0.658449, 0.0576922, 0.588295, 0.465859)
bones/14/scale = Vector3(0.999999, 0.999999, 1)
bones/15/rotation = Quaternion(1.72334e-08, 4.10085e-08, 0.456992, 0.889471)
bones/16/rotation = Quaternion(-9.73784e-11, 2.98437e-10, -0.0266581, 0.999645)
bones/16/scale = Vector3(1, 1, 1)
bones/17/rotation = Quaternion(-0.35292, 0.118807, -0.0521548, 0.926614)
bones/18/position = Vector3(-8.34829e-10, 0.0961251, -0.0575)
bones/18/rotation = Quaternion(0.100047, 0.0598375, 0.699615, 0.704946)
bones/18/scale = Vector3(1, 1, 1)
bones/21/rotation = Quaternion(0.0213928, -0.000424188, 0.000563577, 0.999771)
bones/24/position = Vector3(0.170945, 0.113587, 0.0119041)
bones/24/rotation = Quaternion(0.766592, 0.000125041, 0.000406271, 0.642135)
bones/24/scale = Vector3(1, 1, 1)
bones/25/rotation = Quaternion(0.817717, 3.98585e-08, -5.67475e-07, 0.575621)
bones/26/rotation = Quaternion(-0.266424, -6.38152e-05, -0.000156948, 0.963856)
bones/27/rotation = Quaternion(-1.16441e-07, 0.87945, -0.475991, 1.07728e-07)
bones/27/scale = Vector3(1, 1, 1)
bones/28/position = Vector3(-0.170945, 0.113587, -0.0119041)
bones/28/rotation = Quaternion(0.973216, 0.000199652, -4.7819e-05, -0.229891)
bones/28/scale = Vector3(1, 1, 1)
bones/29/rotation = Quaternion(0.00812217, -6.8878e-08, 5.29054e-09, 0.999967)
bones/30/rotation = Quaternion(-0.521893, -0.000296922, -0.000191877, 0.853011)
bones/31/rotation = Quaternion(2.26847e-08, 0.874712, -0.484642, -7.21067e-08)
bones/31/scale = Vector3(1, 1, 1)
bones/32/position = Vector3(0.170945, 0.292918, 0.576421)
bones/32/rotation = Quaternion(0.707107, -2.29386e-07, -4.59714e-08, 0.707107)
bones/33/position = Vector3(0.170945, 0.050703, 0.272258)
bones/33/rotation = Quaternion(-0.398692, -8.49811e-08, -4.39415e-08, 0.917085)
bones/34/position = Vector3(4.55695e-09, 0.362833, -2.42861e-15)
bones/34/rotation = Quaternion(-1.15402e-10, -5.92255e-11, 1, -3.88068e-12)
bones/35/position = Vector3(-2.59309e-08, 0.213436, 1.02608e-08)
bones/35/rotation = Quaternion(-1.04082e-07, 0.391084, 0.920355, -2.94206e-08)
bones/36/position = Vector3(-6.19283e-09, 0.16565, 5.1694e-09)
bones/37/rotation = Quaternion(1, -1.15245e-10, 1.94713e-07, 1.48063e-11)
bones/39/position = Vector3(-0.170945, 0.292918, 0.57642)
bones/39/rotation = Quaternion(0.707107, -3.83223e-08, 1.45092e-07, 0.707107)
bones/40/position = Vector3(-0.170945, -0.0101023, 0.0581292)
bones/40/rotation = Quaternion(-0.703587, -7.09191e-08, -7.01385e-08, 0.710609)
bones/41/position = Vector3(1.94581e-08, 0.362833, -7.39135e-09)
bones/41/rotation = Quaternion(5.76679e-11, -1.38299e-22, 1, 3.66198e-12)
bones/42/position = Vector3(-1.09113e-08, 0.213436, 5.49137e-09)
bones/42/rotation = Quaternion(-1.03995e-07, 0.391084, 0.920355, -2.95169e-08)
bones/43/position = Vector3(8.47144e-09, 0.16565, -2.27322e-08)
bones/43/rotation = Quaternion(-0.391084, -6.885e-08, -6.56287e-08, 0.920355)
bones/44/rotation = Quaternion(1, 1.32183e-11, 1.94732e-07, 2.57361e-18)
bones/46/position = Vector3(0.458551, 0.879774, -0.876586)
bones/46/rotation = Quaternion(-0.707106, -0.0009811, -0.000981099, 0.707106)
bones/47/position = Vector3(0.508383, 0.759205, -0.124228)
bones/47/rotation = Quaternion(0.718536, 0.0366087, 0.693595, 0.0359413)
bones/48/position = Vector3(-0.451557, 0.881363, -0.883152)
bones/48/rotation = Quaternion(-0.707106, -0.0009811, -0.000981099, 0.707106)
bones/49/position = Vector3(-0.502001, 0.750134, -0.0580702)
bones/49/rotation = Quaternion(0.687245, -0.0755677, -0.71838, 0.0769015)

[node name="1H_Sword_Offhand" parent="Rig/Skeleton3D" index="0"]
transform = Transform3D(-0.0214367, 0.294407, 0.955439, 0.994712, 0.102279, -0.0091968, -0.100428, 0.950191, -0.295043, 0.503635, 0.611948, -0.0781458)

[node name="1H_Sword_Offhand" parent="Rig/Skeleton3D/1H_Sword_Offhand" index="0"]
visible = false

[node name="Badge_Shield" parent="Rig/Skeleton3D" index="1"]
transform = Transform3D(-0.0214366, 0.294406, 0.955439, 0.994713, 0.102276, -0.00919611, -0.100426, 0.950191, -0.295042, 0.652574, 0.610515, -0.124139)
visible = false

[node name="Rectangle_Shield" parent="Rig/Skeleton3D" index="2"]
transform = Transform3D(-0.0214366, 0.294406, 0.955439, 0.994713, 0.102276, -0.00919611, -0.100426, 0.950191, -0.295042, 0.652574, 0.610515, -0.124139)
visible = false

[node name="Round_Shield" parent="Rig/Skeleton3D" index="3"]
transform = Transform3D(-0.0214366, 0.294406, 0.955439, 0.994713, 0.102276, -0.00919611, -0.100426, 0.950191, -0.295042, 0.652574, 0.610515, -0.124139)
visible = false

[node name="Spike_Shield" parent="Rig/Skeleton3D" index="4"]
transform = Transform3D(-0.0214366, 0.294406, 0.955439, 0.994713, 0.102276, -0.00919611, -0.100426, 0.950191, -0.295042, 0.652574, 0.610515, -0.124139)

[node name="1H_Sword" parent="Rig/Skeleton3D" index="5"]
transform = Transform3D(0.0435242, -0.177942, 0.983077, 0.978557, 0.205883, -0.00605926, -0.20132, 0.962262, 0.183088, -0.495667, 0.611378, 0.0235728)

[node name="2H_Sword" parent="Rig/Skeleton3D" index="6"]
transform = Transform3D(0.0435242, -0.177942, 0.983077, 0.978557, 0.205883, -0.00605925, -0.20132, 0.962262, 0.183088, -0.495667, 0.611378, 0.0235728)
visible = false

[node name="Knight_Helmet" parent="Rig/Skeleton3D" index="7"]
transform = Transform3D(0.999992, -0.00249533, 0.00324942, 0.00236624, 0.999231, 0.0391401, -0.00334459, -0.0391321, 0.999228, 0.0181269, 1.1808, -0.051785)

[node name="Knight_Cape" parent="Rig/Skeleton3D" index="8"]
transform = Transform3D(0.999991, -0.00152331, 0.00401199, 0.00118982, 0.996644, 0.0818489, -0.00412321, -0.0818433, 0.996637, 0.0181016, 1.18086, -0.0506944)

[node name="AnimationTree" type="AnimationTree" parent="." index="4"]
tree_root = SubResource("AnimationNodeBlendTree_qbti1")
anim_player = NodePath("../AnimationPlayer")
parameters/Jump/active = false
parameters/Jump/internal_active = false
parameters/Jump/request = 0
parameters/Movement/current_state = "Run"
parameters/Movement/transition_request = ""
parameters/Movement/current_index = 1
"parameters/Running Animation/blend_position" = Vector2(-0.00794911, 0)

[node name="UseCast" type="RayCast3D" parent="." index="5" groups=["RaycastUse"]]
transform = Transform3D(1, 0, 0, 0, 1, 0, 0, 0, 1, 0, 1, 0)
target_position = Vector3(0, 0, -1.5)
collide_with_areas = true
collide_with_bodies = false
debug_shape_thickness = 5

[node name="AimDirection" type="Marker3D" parent="." index="6"]
transform = Transform3D(1, 0, 0, 0, 1, 0, 0, 0, 1, 0, 1, -2)

[node name="CameraPivot" type="Node3D" parent="." index="7"]
transform = Transform3D(0.707107, 0.353553, -0.612372, 0, 0.866025, 0.5, 0.707107, -0.353553, 0.612372, -0.00630677, 1, 0)

[node name="IsometricCamera" type="Camera3D" parent="CameraPivot" index="0"]
transform = Transform3D(1, 0, 0, 0, 1, 0, 0, 0, 1, 0, 0, 25)
projection = 1
size = 16.0
script = SubResource("GDScript_7upwg")

[node name="HealthComponent" type="Node" parent="." index="8"]
script = ExtResource("4_34l03")
health = 100.0

[node name="HealthbarPosition" type="Node3D" parent="." index="9"]
transform = Transform3D(1, 0, 0, 0, 1, 0, 0, 0, 1, 0, 3.3, 0)

[node name="HealthComponent" parent="HealthbarPosition" index="0" node_paths=PackedStringArray("health_component") instance=ExtResource("3_fbl3p")]
texture = SubResource("ViewportTexture_s8okp")
health_component = NodePath("../../HealthComponent")
