[gd_scene load_steps=20 format=3 uid="uid://bbc16i4oqesmb"]

[ext_resource type="PackedScene" uid="uid://d4bqdrl61p7n1" path="res://assets/dungeon/characters/heroes/Knight.glb" id="1_lw6ox"]
[ext_resource type="Script" path="res://scripts/heroes/knight.gd" id="2_fhiwi"]
[ext_resource type="PackedScene" uid="uid://d2ep8nb6bqfh6" path="res://scenes/health_component.tscn" id="3_fbl3p"]
[ext_resource type="Script" path="res://scripts/health_component_display.gd" id="4_34l03"]

[sub_resource type="CapsuleShape3D" id="CapsuleShape3D_kesft"]
height = 2.49257

[sub_resource type="AnimationNodeAnimation" id="AnimationNodeAnimation_ohk1k"]
animation = &"Blocking"

[sub_resource type="AnimationNodeAnimation" id="AnimationNodeAnimation_4l6ub"]
animation = &"2H_Melee_Idle"

[sub_resource type="AnimationNodeAnimation" id="AnimationNodeAnimation_7py51"]
animation = &"Jump_Full_Short"

[sub_resource type="AnimationNodeOneShot" id="AnimationNodeOneShot_3ounb"]
filter_enabled = true
filters = ["", "Rig/Skeleton3D:IK-foot.l", "Rig/Skeleton3D:IK-foot.r", "Rig/Skeleton3D:chest", "Rig/Skeleton3D:control-foot-roll.l", "Rig/Skeleton3D:control-foot-roll.r", "Rig/Skeleton3D:control-heel-roll.l", "Rig/Skeleton3D:control-heel-roll.r", "Rig/Skeleton3D:control-toe-roll.l", "Rig/Skeleton3D:control-toe-roll.r", "Rig/Skeleton3D:elbowIK.l", "Rig/Skeleton3D:elbowIK.r", "Rig/Skeleton3D:foot.l", "Rig/Skeleton3D:foot.r", "Rig/Skeleton3D:handIK.l", "Rig/Skeleton3D:handIK.r", "Rig/Skeleton3D:head", "Rig/Skeleton3D:heelIK.l", "Rig/Skeleton3D:heelIK.r", "Rig/Skeleton3D:hips", "Rig/Skeleton3D:kneeIK.l", "Rig/Skeleton3D:kneeIK.r", "Rig/Skeleton3D:lowerleg.l", "Rig/Skeleton3D:lowerleg.r", "Rig/Skeleton3D:root", "Rig/Skeleton3D:spine", "Rig/Skeleton3D:toes.l", "Rig/Skeleton3D:toes.r", "Rig/Skeleton3D:upperleg.l", "Rig/Skeleton3D:upperleg.r"]
mix_mode = 1
fadein_time = 0.2

[sub_resource type="AnimationNodeTransition" id="AnimationNodeTransition_fqns2"]
xfade_time = 0.25
input_0/name = "Idle"
input_0/auto_advance = false
input_0/break_loop_at_end = false
input_0/reset = true
input_1/name = "Run"
input_1/auto_advance = false
input_1/break_loop_at_end = false
input_1/reset = true
input_2/name = "Blocking"
input_2/auto_advance = false
input_2/break_loop_at_end = false
input_2/reset = true

[sub_resource type="AnimationNodeAnimation" id="AnimationNodeAnimation_ehytl"]
animation = &"Running_A"

[sub_resource type="AnimationNodeAnimation" id="AnimationNodeAnimation_htgru"]
animation = &"Running_Strafe_Right"

[sub_resource type="AnimationNodeAnimation" id="AnimationNodeAnimation_14y6i"]
animation = &"Running_Strafe_Left"

[sub_resource type="AnimationNodeAnimation" id="AnimationNodeAnimation_25etb"]
animation = &"Walking_Backwards"

[sub_resource type="AnimationNodeAnimation" id="AnimationNodeAnimation_7kssr"]
animation = &"Walking_B"

[sub_resource type="AnimationNodeBlendSpace2D" id="AnimationNodeBlendSpace2D_mhrwc"]
blend_point_0/node = SubResource("AnimationNodeAnimation_ehytl")
blend_point_0/pos = Vector2(0, 1)
blend_point_1/node = SubResource("AnimationNodeAnimation_htgru")
blend_point_1/pos = Vector2(1, 0)
blend_point_2/node = SubResource("AnimationNodeAnimation_14y6i")
blend_point_2/pos = Vector2(-1, 0)
blend_point_3/node = SubResource("AnimationNodeAnimation_25etb")
blend_point_3/pos = Vector2(0, -1)
blend_point_4/node = SubResource("AnimationNodeAnimation_7kssr")
blend_point_4/pos = Vector2(0, 0)

[sub_resource type="AnimationNodeBlendTree" id="AnimationNodeBlendTree_qbti1"]
graph_offset = Vector2(-237.617, 53.0575)
"nodes/Blocking Animation/node" = SubResource("AnimationNodeAnimation_ohk1k")
"nodes/Blocking Animation/position" = Vector2(260, 500)
"nodes/Idle Animation/node" = SubResource("AnimationNodeAnimation_4l6ub")
"nodes/Idle Animation/position" = Vector2(260, 80)
nodes/Jump/node = SubResource("AnimationNodeOneShot_3ounb")
nodes/Jump/position = Vector2(900, 220)
"nodes/Jump Animation/node" = SubResource("AnimationNodeAnimation_7py51")
"nodes/Jump Animation/position" = Vector2(660, 540)
nodes/Movement/node = SubResource("AnimationNodeTransition_fqns2")
nodes/Movement/position = Vector2(640, 220)
"nodes/Running Animation/node" = SubResource("AnimationNodeBlendSpace2D_mhrwc")
"nodes/Running Animation/position" = Vector2(260, 280)
nodes/output/position = Vector2(1140, 220)
node_connections = [&"Jump", 0, &"Movement", &"Jump", 1, &"Jump Animation", &"Movement", 0, &"Idle Animation", &"Movement", 1, &"Running Animation", &"Movement", 2, &"Blocking Animation", &"output", 0, &"Jump"]

[sub_resource type="GDScript" id="GDScript_7upwg"]
script/source = "extends Camera3D

@onready var camera: Camera3D = $\".\"
@onready var camera_pivot: Node3D = $\"..\"
@onready var isometric_camera: Camera3D = $\".\"

# Called when the node enters the scene tree for the first time.
func _ready() -> void:
	pass # Replace with function body.


# Called every frame. 'delta' is the elapsed time since the previous frame.
func _process(delta: float) -> void:
	pass
"

[sub_resource type="ViewportTexture" id="ViewportTexture_s8okp"]
viewport_path = NodePath("SubViewport")

[node name="Knight" groups=["soldier"] instance=ExtResource("1_lw6ox")]
script = ExtResource("2_fhiwi")

[node name="Hitbox" type="CollisionShape3D" parent="." index="0"]
transform = Transform3D(1, 0, 0, 0, 1, 0, 0, 0, 1, 0, 1.25, 0)
shape = SubResource("CapsuleShape3D_kesft")

[node name="Skeleton3D" parent="Rig" index="0"]
transform = Transform3D(-1, 0, -8.74228e-08, 0, 1, 0, 8.74228e-08, 0, -1, 0, 0, 0)
bones/0/rotation = Quaternion(-1.4323e-10, 0.00416225, 2.48082e-10, 0.999991)
bones/1/position = Vector3(-5.74415e-18, 0.379045, -1.36951e-24)
bones/1/rotation = Quaternion(0.000768012, -5.38237e-05, -0.000553218, 1)
bones/2/rotation = Quaternion(-0.0422109, -0.00132065, 0.0250013, 0.998795)
bones/3/rotation = Quaternion(0.000640377, -0.00124281, -0.0241845, 0.999707)
bones/4/position = Vector3(0.211808, 0.133957, -0.000336133)
bones/4/rotation = Quaternion(-0.661723, -0.0598681, -0.591141, 0.457264)
bones/4/scale = Vector3(0.999999, 0.999999, 1)
bones/5/rotation = Quaternion(3.29698e-08, -5.18363e-08, -0.443703, 0.896174)
bones/6/rotation = Quaternion(-9.73784e-11, -2.98437e-10, 0.0266581, 0.999645)
bones/6/scale = Vector3(1, 1, 1)
bones/7/rotation = Quaternion(-0.349759, -0.115053, 0.0460818, 0.928605)
bones/8/position = Vector3(-6.08271e-09, 0.0961252, -0.0575)
bones/8/rotation = Quaternion(0.0942124, -0.0832126, -0.69978, 0.703213)
bones/8/scale = Vector3(1, 1, 1)
bones/14/position = Vector3(-0.212003, 0.134055, -0.000388992)
bones/14/rotation = Quaternion(-0.666182, -0.0348258, 0.540874, 0.512292)
bones/14/scale = Vector3(0.999999, 0.999999, 1)
bones/15/rotation = Quaternion(2.29936e-08, 4.66824e-08, 0.507823, 0.861462)
bones/16/rotation = Quaternion(-9.73784e-11, 2.98437e-10, -0.0266581, 0.999645)
bones/16/scale = Vector3(1, 1, 1)
bones/17/rotation = Quaternion(-0.334412, 0.106182, -0.0718025, 0.933669)
bones/18/position = Vector3(-8.34829e-10, 0.0961251, -0.0575)
bones/18/rotation = Quaternion(0.100371, 0.0599227, 0.699427, 0.705079)
bones/18/scale = Vector3(1, 1, 1)
bones/21/rotation = Quaternion(0.0213141, 0.00120941, 0.000426842, 0.999772)
bones/24/position = Vector3(0.170945, 0.113587, -0.012088)
bones/24/rotation = Quaternion(0.972509, 0.000223367, -0.000119094, -0.232866)
bones/24/scale = Vector3(1, 1, 1)
bones/25/rotation = Quaternion(0.00797108, 6.93264e-08, -5.26851e-09, 0.999968)
bones/26/rotation = Quaternion(-0.511878, -0.000295995, -7.43166e-05, 0.859058)
bones/27/rotation = Quaternion(-2.28113e-08, 0.874806, -0.484474, 7.21972e-08)
bones/27/scale = Vector3(1, 1, 1)
bones/28/position = Vector3(-0.170945, 0.113587, 0.012088)
bones/28/rotation = Quaternion(0.776191, 0.000239998, 0.000344374, 0.630498)
bones/28/scale = Vector3(1, 1, 1)
bones/29/rotation = Quaternion(0.80626, -4.1041e-08, 5.59905e-07, 0.591562)
bones/30/rotation = Quaternion(-0.268867, 9.2226e-05, -0.000120673, 0.963177)
bones/31/rotation = Quaternion(1.16367e-07, 0.879801, -0.475342, -1.07697e-07)
bones/31/scale = Vector3(1, 1, 1)
bones/32/position = Vector3(0.170945, 0.292326, 0.575828)
bones/32/rotation = Quaternion(0.707107, -2.29386e-07, -4.59714e-08, 0.707107)
bones/33/position = Vector3(0.170945, -0.00959252, 0.0509849)
bones/33/rotation = Quaternion(-0.701548, -7.11205e-08, -6.99634e-08, 0.712622)
bones/34/position = Vector3(4.55695e-09, 0.362833, -2.42861e-15)
bones/34/rotation = Quaternion(-1.15402e-10, -5.92255e-11, 1, -3.88068e-12)
bones/35/position = Vector3(-2.59309e-08, 0.213436, 1.02608e-08)
bones/35/rotation = Quaternion(-1.04082e-07, 0.391084, 0.920355, -2.94206e-08)
bones/36/position = Vector3(-6.19283e-09, 0.16565, 5.1694e-09)
bones/37/rotation = Quaternion(1, -1.15245e-10, 1.94713e-07, 1.48063e-11)
bones/39/position = Vector3(-0.170945, 0.292326, 0.575828)
bones/39/rotation = Quaternion(0.707107, -3.83223e-08, 1.45092e-07, 0.707107)
bones/40/position = Vector3(-0.170945, 0.0532091, 0.274064)
bones/40/rotation = Quaternion(-0.405397, -9.77221e-08, -3.62858e-08, 0.914141)
bones/41/position = Vector3(1.94581e-08, 0.362833, -7.39135e-09)
bones/41/rotation = Quaternion(5.76679e-11, -1.38299e-22, 1, 3.66198e-12)
bones/42/position = Vector3(-1.09113e-08, 0.213436, 5.49137e-09)
bones/42/rotation = Quaternion(-1.03995e-07, 0.391084, 0.920355, -2.95169e-08)
bones/43/position = Vector3(8.47144e-09, 0.16565, -2.27322e-08)
bones/43/rotation = Quaternion(-0.391084, -6.885e-08, -6.56287e-08, 0.920355)
bones/44/rotation = Quaternion(1, 1.32183e-11, 1.94732e-07, 2.57361e-18)
bones/46/position = Vector3(0.458551, 0.879774, -0.876586)
bones/46/rotation = Quaternion(-0.707106, -0.0009811, -0.000981099, 0.707106)
bones/47/position = Vector3(0.500943, 0.750485, -0.0533533)
bones/47/rotation = Quaternion(0.685351, 0.073088, 0.720411, 0.0772049)
bones/48/position = Vector3(-0.451557, 0.881363, -0.883152)
bones/48/rotation = Quaternion(-0.707106, -0.0009811, -0.000981099, 0.707106)
bones/49/position = Vector3(-0.509442, 0.759623, -0.128945)
bones/49/rotation = Quaternion(0.720475, -0.0389778, -0.691457, 0.0358425)

[node name="1H_Sword_Offhand" parent="Rig/Skeleton3D" index="0"]
transform = Transform3D(-0.00711769, 0.213566, 0.976902, 0.977471, 0.207573, -0.0382557, -0.210949, 0.954621, -0.210232, 0.493762, 0.609266, 0.00443142)

[node name="1H_Sword_Offhand" parent="Rig/Skeleton3D/1H_Sword_Offhand" index="0"]
visible = false

[node name="Badge_Shield" parent="Rig/Skeleton3D" index="1"]
transform = Transform3D(-0.0071178, 0.213566, 0.976902, 0.977471, 0.207571, -0.038255, -0.210946, 0.954622, -0.210232, 0.646047, 0.603302, -0.0283407)
visible = false

[node name="Rectangle_Shield" parent="Rig/Skeleton3D" index="2"]
transform = Transform3D(-0.0071178, 0.213566, 0.976902, 0.977471, 0.207571, -0.038255, -0.210946, 0.954622, -0.210232, 0.646047, 0.603302, -0.0283407)
visible = false

[node name="Round_Shield" parent="Rig/Skeleton3D" index="3"]
transform = Transform3D(-0.0071178, 0.213566, 0.976902, 0.977471, 0.207571, -0.038255, -0.210946, 0.954622, -0.210232, 0.646047, 0.603302, -0.0283407)
visible = false

[node name="Spike_Shield" parent="Rig/Skeleton3D" index="4"]
transform = Transform3D(-0.0071178, 0.213566, 0.976902, 0.977471, 0.207571, -0.038255, -0.210946, 0.954622, -0.210232, 0.646047, 0.603302, -0.0283407)

[node name="1H_Sword" parent="Rig/Skeleton3D" index="5"]
transform = Transform3D(0.0579538, -0.258985, 0.964141, 0.994653, 0.0976618, -0.0335553, -0.0854691, 0.96093, 0.26326, -0.507894, 0.611951, -0.0617323)

[node name="2H_Sword" parent="Rig/Skeleton3D" index="6"]
transform = Transform3D(0.0579538, -0.258985, 0.964141, 0.994653, 0.0976618, -0.0335553, -0.0854691, 0.96093, 0.26326, -0.507894, 0.611951, -0.0617323)
visible = false

[node name="Knight_Helmet" parent="Rig/Skeleton3D" index="7"]
transform = Transform3D(0.999992, -0.00180716, 0.00356013, 0.00166752, 0.999244, 0.0388426, -0.00362764, -0.0388363, 0.999239, -0.018549, 1.18666, -0.0515118)

[node name="Knight_Cape" parent="Rig/Skeleton3D" index="8"]
transform = Transform3D(0.999999, -0.0010522, 0.00107982, 0.000960826, 0.996682, 0.0813905, -0.00116188, -0.0813894, 0.996682, -0.0185688, 1.18673, -0.0504253)

[node name="AnimationTree" type="AnimationTree" parent="." index="3"]
tree_root = SubResource("AnimationNodeBlendTree_qbti1")
anim_player = NodePath("../AnimationPlayer")
parameters/Jump/active = false
parameters/Jump/internal_active = false
parameters/Jump/request = 0
parameters/Movement/current_state = "Run"
parameters/Movement/transition_request = ""
parameters/Movement/current_index = 1
"parameters/Running Animation/blend_position" = Vector2(-0.00794911, 0)

[node name="UseCast" type="RayCast3D" parent="." index="4" groups=["RaycastUse"]]
transform = Transform3D(1, 0, 0, 0, 1, 0, 0, 0, 1, 0, 1, 0)
target_position = Vector3(0, 0, -1.5)
collide_with_areas = true
collide_with_bodies = false
debug_shape_thickness = 5

[node name="AimDirection" type="Marker3D" parent="." index="5"]
transform = Transform3D(1, 0, 0, 0, 1, 0, 0, 0, 1, 0, 1, -2)

[node name="CameraPivot" type="Node3D" parent="." index="6"]
transform = Transform3D(0.707107, 0.353553, -0.612372, 0, 0.866025, 0.5, 0.707107, -0.353553, 0.612372, -0.00630677, 1, 0)

[node name="IsometricCamera" type="Camera3D" parent="CameraPivot" index="0"]
transform = Transform3D(1, 0, 0, 0, 1, 0, 0, 0, 1, 0, 0, 25)
projection = 1
size = 16.0
script = SubResource("GDScript_7upwg")

[node name="HealthComponent" type="Node" parent="." index="7"]
script = ExtResource("4_34l03")
health = 25.0

[node name="HealthbarPosition" type="Node3D" parent="." index="8"]
transform = Transform3D(1, 0, 0, 0, 1, 0, 0, 0, 1, 0, 3.3, 0)

[node name="HealthComponent" parent="HealthbarPosition" index="0" node_paths=PackedStringArray("health_component") instance=ExtResource("3_fbl3p")]
texture = SubResource("ViewportTexture_s8okp")
health_component = NodePath("../../HealthComponent")
