[gd_scene load_steps=8 format=3 uid="uid://brrrfimnoags3"]

[ext_resource type="PackedScene" uid="uid://dx5s1pf1c4jhm" path="res://assets/dungeon/characters/heroes/Mage.glb" id="1_hiew6"]
[ext_resource type="Script" path="res://scripts/heroes/mage.gd" id="2_lger5"]

[sub_resource type="CapsuleShape3D" id="CapsuleShape3D_budi6"]
radius = 0.483541
height = 2.36482

[sub_resource type="AnimationNodeAnimation" id="AnimationNodeAnimation_8k5uu"]
animation = &"Idle"

[sub_resource type="AnimationNodeStateMachineTransition" id="AnimationNodeStateMachineTransition_ocnan"]
advance_mode = 2

[sub_resource type="AnimationNodeStateMachine" id="AnimationNodeStateMachine_lcgwf"]
states/Idle/node = SubResource("AnimationNodeAnimation_8k5uu")
states/Idle/position = Vector2(487, 100)
states/Start/position = Vector2(186, 100)
transitions = ["Start", "Idle", SubResource("AnimationNodeStateMachineTransition_ocnan")]

[sub_resource type="BoxShape3D" id="BoxShape3D_p44kk"]
size = Vector3(3.38513, 1, 5.44617)

[node name="Mage" instance=ExtResource("1_hiew6")]
script = ExtResource("2_lger5")

[node name="Skeleton3D" parent="Rig" index="0"]
bones/1/position = Vector3(0, 0.391345, 0)
bones/1/rotation = Quaternion(-1.11123e-10, 0.0431578, 2.57241e-09, 0.999068)
bones/2/rotation = Quaternion(-6.93889e-18, 7.10543e-15, 4.93038e-32, 1)
bones/3/rotation = Quaternion(8.27181e-25, 3.72529e-09, -2.75506e-40, 1)
bones/4/position = Vector3(0.212007, 0.134132, 7.92996e-08)
bones/4/rotation = Quaternion(-0.559417, -0.0611716, -0.645311, 0.516608)
bones/4/scale = Vector3(0.999999, 0.999999, 1)
bones/5/rotation = Quaternion(2.50839e-08, -4.41629e-08, -0.492482, 0.870322)
bones/6/rotation = Quaternion(-9.73784e-11, -2.98437e-10, 0.0266581, 0.999645)
bones/6/scale = Vector3(1, 1, 1)
bones/7/rotation = Quaternion(-0.320644, -0.325342, 0.144555, 0.87775)
bones/8/position = Vector3(8.34843e-10, 0.0961252, -0.0575)
bones/8/rotation = Quaternion(0.000189107, 0.000189081, -0.706412, 0.7078)
bones/8/scale = Vector3(1, 1, 1)
bones/9/rotation = Quaternion(-8.95373e-08, 0.707107, 0.707107, -9.81383e-08)
bones/10/rotation = Quaternion(-8.95373e-08, 0.707107, 0.707107, -9.81383e-08)
bones/11/position = Vector3(-0.212007, 0.134132, 8.6814e-08)
bones/11/rotation = Quaternion(-0.617855, 0.0810244, 0.619197, 0.477793)
bones/11/scale = Vector3(0.999999, 0.999999, 1)
bones/12/rotation = Quaternion(3.15927e-08, 4.33237e-08, 0.515803, 0.856707)
bones/13/rotation = Quaternion(-9.73784e-11, 2.98437e-10, -0.0266581, 0.999645)
bones/13/scale = Vector3(1, 1, 1)
bones/14/rotation = Quaternion(-0.318884, 0.300419, -0.226173, 0.870004)
bones/15/position = Vector3(-1.5736e-08, 0.0961251, -0.0575)
bones/15/rotation = Quaternion(0.000417956, 0.000492288, 0.706673, 0.70754)
bones/15/scale = Vector3(1, 1, 1)
bones/18/rotation = Quaternion(-5.80608e-11, -0.0313417, -1.88012e-09, 0.999509)
bones/19/rotation = Quaternion(-0.130526, -7.04464e-15, -9.27445e-16, 0.991445)
bones/21/position = Vector3(0.170945, 0.113587, 1.59941e-08)
bones/21/rotation = Quaternion(0.99367, 0.0836359, 0.0737153, 0.0138125)
bones/21/scale = Vector3(1, 1, 1)
bones/22/rotation = Quaternion(0.203113, 6.38264e-08, -1.3403e-07, 0.979155)
bones/23/rotation = Quaternion(-0.52147, -0.20928, 0.0447871, 0.825994)
bones/24/rotation = Quaternion(-9.74065e-09, 0.920355, -0.391084, 7.8309e-08)
bones/24/scale = Vector3(1, 1, 1)
bones/25/position = Vector3(-0.170945, 0.113587, 1.55755e-08)
bones/25/rotation = Quaternion(0.997193, -0.0295692, 0.0314749, 0.0611605)
bones/25/scale = Vector3(1, 1, 1)
bones/26/rotation = Quaternion(0.279439, -6.39178e-08, 1.94816e-07, 0.960163)
bones/27/rotation = Quaternion(-0.561926, 0.114479, -0.00907708, 0.819178)
bones/28/rotation = Quaternion(3.03591e-08, 0.920355, -0.391084, -6.95338e-08)
bones/28/scale = Vector3(1, 1, 1)
bones/29/rotation = Quaternion(0.707107, -2.29302e-07, -4.60552e-08, 0.707107)
bones/30/position = Vector3(0.202182, 0.0259903, 0.205181)
bones/30/rotation = Quaternion(-0.707107, -7.05285e-08, -7.05285e-08, 0.707107)
bones/31/rotation = Quaternion(9.65792e-09, 1.77955e-09, 0.985719, -0.168398)
bones/32/position = Vector3(-2.60494e-08, 0.213436, -5.1715e-09)
bones/32/rotation = Quaternion(-1.01273e-07, 0.391084, 0.920355, -3.35091e-08)
bones/33/position = Vector3(8.58988e-09, 0.16565, -2.40963e-09)
bones/34/rotation = Quaternion(1, -2.33136e-09, 1.99777e-07, -1.34211e-15)
bones/36/rotation = Quaternion(0.707107, -3.82385e-08, 1.45009e-07, 0.707107)
bones/37/rotation = Quaternion(-0.707107, -7.05285e-08, -7.05285e-08, 0.707107)
bones/38/rotation = Quaternion(-5.83589e-09, 6.43837e-10, 0.994809, 0.101756)
bones/39/position = Vector3(-1.11482e-08, 0.213436, -2.50942e-15)
bones/39/rotation = Quaternion(-1.05796e-07, 0.391084, 0.920355, -2.58643e-08)
bones/40/position = Vector3(-6.31128e-09, 0.16565, 2.70695e-09)
bones/40/rotation = Quaternion(-0.391084, -6.885e-08, -6.56287e-08, 0.920355)
bones/41/rotation = Quaternion(1, 3.76526e-09, 1.94879e-07, 7.45058e-09)
bones/43/rotation = Quaternion(-0.707107, -7.27951e-08, -7.27951e-08, 0.707107)
bones/44/position = Vector3(0.520841, 0.786834, -0.0576373)
bones/44/rotation = Quaternion(0.794627, -1.11759e-07, 0.607098, -5.96046e-08)
bones/45/rotation = Quaternion(-0.707107, -7.27951e-08, -7.27951e-08, 0.707107)
bones/46/position = Vector3(-0.510844, 0.786834, 0.0597369)
bones/46/rotation = Quaternion(0.758253, 1.52737e-07, -0.651961, 1.11759e-08)

[node name="Spellbook" parent="Rig/Skeleton3D" index="0"]
transform = Transform3D(-1.31555e-06, 0.964832, 0.262865, -0.999997, 0.000534284, -0.00196239, -0.00203423, -0.262864, 0.96483, 0.577595, 0.634465, 0.23771)

[node name="Spellbook" parent="Rig/Skeleton3D/Spellbook" index="0"]
visible = false

[node name="Spellbook_open" parent="Rig/Skeleton3D" index="1"]
transform = Transform3D(-1.31555e-06, 0.964832, 0.262865, -0.999997, 0.000534284, -0.00196239, -0.00203423, -0.262864, 0.96483, 0.545959, 0.634701, 0.121591)
visible = false

[node name="1H_Wand" parent="Rig/Skeleton3D" index="2"]
transform = Transform3D(-0.000290048, -0.151168, 0.988508, 0.999999, -0.00122496, 0.000105172, 0.00119558, 0.988507, 0.151168, -0.491064, 0.639284, 0.106436)

[node name="2H_Staff" parent="Rig/Skeleton3D" index="3"]
transform = Transform3D(-0.000290048, -0.151168, 0.988508, 0.999999, -0.00122496, 0.000105172, 0.00119558, 0.988507, 0.151168, -0.491064, 0.639284, 0.106436)

[node name="Mage_Hat" parent="Rig/Skeleton3D" index="4"]
transform = Transform3D(0.99972, -0.00612018, 0.0228409, 1.39341e-09, 0.965926, 0.258819, -0.0236466, -0.258746, 0.965656, -7.48419e-09, 1.76978, -1.02479e-07)

[node name="Mage_Cape" parent="Rig/Skeleton3D" index="5"]
transform = Transform3D(0.996275, -5.14962e-09, 0.0862353, 5.13043e-09, 1, 4.44077e-10, -0.0862353, 1.88007e-15, 0.996275, -1.2997e-08, 1.20156, -1.01951e-07)

[node name="CollisionShape3D" type="CollisionShape3D" parent="." index="2"]
transform = Transform3D(1, 0, 0, 0, 1, 0, 0, 0, 1, 0, 1, 0)
shape = SubResource("CapsuleShape3D_budi6")

[node name="AnimationTree" type="AnimationTree" parent="." index="3"]
tree_root = SubResource("AnimationNodeStateMachine_lcgwf")
anim_player = NodePath("../AnimationPlayer")

[node name="Area3D" type="Area3D" parent="." index="4"]

[node name="CollisionShape3D" type="CollisionShape3D" parent="Area3D" index="0"]
transform = Transform3D(1, 0, 0, 0, 1, 0, 0, 0, 1, -0.0481567, 0.650805, 2.82099)
shape = SubResource("BoxShape3D_p44kk")

[connection signal="body_entered" from="Area3D" to="." method="_on_body_entered"]
[connection signal="body_exited" from="Area3D" to="." method="_on_body_exited"]
