[gd_scene load_steps=8 format=3 uid="uid://brrrfimnoags3"]

[ext_resource type="PackedScene" uid="uid://dx5s1pf1c4jhm" path="res://assets/dungeon/characters/heroes/Mage.glb" id="1_hiew6"]
[ext_resource type="Script" path="res://scenes/heroes/mage.gd" id="2_lger5"]

[sub_resource type="CapsuleShape3D" id="CapsuleShape3D_budi6"]
radius = 0.483541
height = 2.36482

[sub_resource type="AnimationNodeAnimation" id="AnimationNodeAnimation_8k5uu"]
animation = &"Idle"

[sub_resource type="AnimationNodeStateMachineTransition" id="AnimationNodeStateMachineTransition_ocnan"]
advance_mode = 2

[sub_resource type="AnimationNodeStateMachine" id="AnimationNodeStateMachine_lcgwf"]
states/Idle/node = SubResource("AnimationNodeAnimation_8k5uu")
states/Idle/position = Vector2(487, 100)
states/Start/position = Vector2(186, 100)
transitions = ["Start", "Idle", SubResource("AnimationNodeStateMachineTransition_ocnan")]

[sub_resource type="BoxShape3D" id="BoxShape3D_p44kk"]
size = Vector3(3.38513, 1, 5.44617)

[node name="Mage" instance=ExtResource("1_hiew6")]
script = ExtResource("2_lger5")

[node name="Skeleton3D" parent="Rig" index="0"]
bones/1/position = Vector3(0, 0.374562, 0)
bones/1/rotation = Quaternion(-1.11123e-10, 0.0431578, 2.57241e-09, 0.999068)
bones/2/rotation = Quaternion(-6.93889e-18, 7.10543e-15, 4.93038e-32, 1)
bones/3/rotation = Quaternion(8.27181e-25, 3.72529e-09, 0, 1)
bones/4/position = Vector3(0.212007, 0.134132, 7.92996e-08)
bones/4/rotation = Quaternion(-0.553799, -0.0570338, -0.637475, 0.532615)
bones/4/scale = Vector3(0.999999, 0.999999, 1)
bones/5/rotation = Quaternion(1.24803e-08, -5.67202e-08, -0.514397, 0.857552)
bones/6/rotation = Quaternion(-9.73784e-11, -2.98437e-10, 0.0266581, 0.999645)
bones/6/scale = Vector3(1, 1, 1)
bones/7/rotation = Quaternion(-0.321869, -0.336, 0.150482, 0.872273)
bones/8/position = Vector3(8.34843e-10, 0.0961252, -0.0575)
bones/8/rotation = Quaternion(0.000650756, 0.000650745, -0.704714, 0.709491)
bones/8/scale = Vector3(1, 1, 1)
bones/9/rotation = Quaternion(-8.95373e-08, 0.707107, 0.707107, -9.81383e-08)
bones/10/rotation = Quaternion(-8.95373e-08, 0.707107, 0.707107, -9.81383e-08)
bones/11/position = Vector3(-0.212007, 0.134132, 8.6814e-08)
bones/11/rotation = Quaternion(-0.612226, 0.0774205, 0.612923, 0.493468)
bones/11/scale = Vector3(0.999999, 0.999999, 1)
bones/12/rotation = Quaternion(1.62137e-08, 5.90613e-08, 0.536814, 0.843701)
bones/13/rotation = Quaternion(-9.73784e-11, 2.98437e-10, -0.0266581, 0.999645)
bones/13/scale = Vector3(1, 1, 1)
bones/14/rotation = Quaternion(-0.320758, 0.312151, -0.232586, 0.86347)
bones/15/position = Vector3(-1.5736e-08, 0.0961251, -0.0575)
bones/15/rotation = Quaternion(0.00208025, 0.00245023, 0.704944, 0.709256)
bones/15/scale = Vector3(1, 1, 1)
bones/18/rotation = Quaternion(-5.80608e-11, -0.0313417, -1.88012e-09, 0.999509)
bones/19/rotation = Quaternion(-0.130526, -7.04464e-15, -9.27445e-16, 0.991445)
bones/21/position = Vector3(0.170945, 0.113587, 1.59941e-08)
bones/21/rotation = Quaternion(0.990756, 0.0833563, 0.0778544, 0.0734328)
bones/21/scale = Vector3(1, 1, 1)
bones/22/rotation = Quaternion(0.359019, 6.43945e-08, -2.53901e-07, 0.93333)
bones/23/rotation = Quaternion(-0.602624, -0.202922, 0.070234, 0.768592)
bones/24/rotation = Quaternion(-9.74065e-09, 0.920355, -0.391084, 7.8309e-08)
bones/24/scale = Vector3(1, 1, 1)
bones/25/position = Vector3(-0.170945, 0.113587, 1.55755e-08)
bones/25/rotation = Quaternion(0.992871, -0.0325213, 0.03015, 0.110636)
bones/25/scale = Vector3(1, 1, 1)
bones/26/rotation = Quaternion(0.407087, -6.01093e-08, 2.8354e-07, 0.91339)
bones/27/rotation = Quaternion(-0.630159, 0.113051, -0.020308, 0.767924)
bones/28/rotation = Quaternion(3.03591e-08, 0.920355, -0.391084, -6.95338e-08)
bones/28/scale = Vector3(1, 1, 1)
bones/29/rotation = Quaternion(0.707107, -2.29302e-07, -4.60552e-08, 0.707107)
bones/30/position = Vector3(0.202182, 0.0259903, 0.205181)
bones/30/rotation = Quaternion(-0.707107, -7.05285e-08, -7.05285e-08, 0.707107)
bones/31/rotation = Quaternion(9.65792e-09, 1.77955e-09, 0.985719, -0.168398)
bones/32/position = Vector3(-2.60494e-08, 0.213436, -5.1715e-09)
bones/32/rotation = Quaternion(-1.01273e-07, 0.391084, 0.920355, -3.35091e-08)
bones/33/position = Vector3(8.58988e-09, 0.16565, -2.40963e-09)
bones/34/rotation = Quaternion(1, -2.33136e-09, 1.99777e-07, -1.34211e-15)
bones/36/rotation = Quaternion(0.707107, -3.82385e-08, 1.45009e-07, 0.707107)
bones/37/rotation = Quaternion(-0.707107, -7.05285e-08, -7.05285e-08, 0.707107)
bones/38/rotation = Quaternion(-5.83589e-09, 6.43837e-10, 0.994809, 0.101756)
bones/39/position = Vector3(-1.11482e-08, 0.213436, -2.50942e-15)
bones/39/rotation = Quaternion(-1.05796e-07, 0.391084, 0.920355, -2.58643e-08)
bones/40/position = Vector3(-6.31128e-09, 0.16565, 2.70695e-09)
bones/40/rotation = Quaternion(-0.391084, -6.885e-08, -6.56287e-08, 0.920355)
bones/41/rotation = Quaternion(1, 3.76526e-09, 1.94879e-07, 7.45058e-09)
bones/43/rotation = Quaternion(-0.707107, -7.27951e-08, -7.27951e-08, 0.707107)
bones/44/position = Vector3(0.520841, 0.77911, -0.0576374)
bones/44/rotation = Quaternion(0.794627, -1.11759e-07, 0.607098, -5.96046e-08)
bones/45/rotation = Quaternion(-0.707107, -7.27951e-08, -7.27951e-08, 0.707107)
bones/46/position = Vector3(-0.510844, 0.77911, 0.0597369)
bones/46/rotation = Quaternion(0.758253, 1.52737e-07, -0.651961, 1.11759e-08)

[node name="Spellbook" parent="Rig/Skeleton3D" index="0"]
transform = Transform3D(6.45538e-08, 0.964832, 0.262863, -0.999975, 0.0018414, -0.0067552, -0.0070022, -0.262857, 0.964809, 0.577316, 0.626004, 0.239038)

[node name="Spellbook" parent="Rig/Skeleton3D/Spellbook" index="0"]
visible = false

[node name="Spellbook_open" parent="Rig/Skeleton3D" index="1"]
transform = Transform3D(6.45538e-08, 0.964832, 0.262863, -0.999975, 0.0018414, -0.0067552, -0.0070022, -0.262857, 0.964809, 0.54568, 0.626817, 0.122922)
visible = false

[node name="1H_Wand" parent="Rig/Skeleton3D" index="2"]
transform = Transform3D(-0.00145044, -0.156221, 0.98772, 0.99998, -0.00609918, 0.000502978, 0.00594637, 0.987702, 0.156227, -0.490496, 0.632345, 0.107771)

[node name="2H_Staff" parent="Rig/Skeleton3D" index="3"]
transform = Transform3D(-0.00145044, -0.156221, 0.98772, 0.99998, -0.00609918, 0.000502978, 0.00594637, 0.987702, 0.156227, -0.490496, 0.632345, 0.107771)

[node name="Mage_Hat" parent="Rig/Skeleton3D" index="4"]
transform = Transform3D(0.99972, -0.00612018, 0.0228409, 1.39341e-09, 0.965926, 0.258819, -0.0236466, -0.258746, 0.965656, -7.48419e-09, 1.753, -1.02479e-07)

[node name="Mage_Cape" parent="Rig/Skeleton3D" index="5"]
transform = Transform3D(0.996275, -5.14962e-09, 0.0862353, 5.13043e-09, 1, 4.44077e-10, -0.0862353, 1.88007e-15, 0.996275, -1.2997e-08, 1.18477, -1.01951e-07)

[node name="CollisionShape3D" type="CollisionShape3D" parent="." index="2"]
transform = Transform3D(1, 0, 0, 0, 1, 0, 0, 0, 1, 0, 1, 0)
shape = SubResource("CapsuleShape3D_budi6")

[node name="AnimationTree" type="AnimationTree" parent="." index="3"]
tree_root = SubResource("AnimationNodeStateMachine_lcgwf")
anim_player = NodePath("../AnimationPlayer")

[node name="Area3D" type="Area3D" parent="." index="4"]

[node name="CollisionShape3D" type="CollisionShape3D" parent="Area3D" index="0"]
transform = Transform3D(1, 0, 0, 0, 1, 0, 0, 0, 1, -0.0481567, 0.650805, 2.82099)
shape = SubResource("BoxShape3D_p44kk")

[connection signal="body_entered" from="Area3D" to="." method="_on_body_entered"]
